-56.000000 -20.000000 -61.000000 54.000000 0.000000 55.000000 textures/concrete.jpg Cube
-2.000000 -0.000000 -2.000000 2.000000 1.000000 2.000000 textures/concrete.jpg Spawn
8.000000 10.000000 -40.000000 12.000000 22.000000 -35.000000 textures/fog.jpg Tele suburbs
-12.000000 5.000000 -40.000000 -8.000000 18.000000 -36.000000 textures/fog.jpg Tele city
-12.000000 0.000000 16.000000 -8.000000 11.000000 20.000000 textures/fog.jpg Tele ghetto
8.000000 16.000000 16.000000 12.000000 25.000000 20.000000 textures/fog.jpg Tele skyline
2.000000 0.000000 10.000000 18.000000 16.000000 26.000000 textures/concrete.jpg Cube
0.000000 -1.000000 -51.000000 20.000000 8.000000 -21.000000 textures/concrete.jpg Cube
-16.000000 -1.000000 -44.000000 -3.000000 5.000000 -31.000000 textures/concrete.jpg Cube
-328.000000 -26.000000 -221.000000 622.000000 -20.000000 370.000000 textures/fog.jpg Fog
-328.000000 92.000000 -221.000000 622.000000 93.000000 370.000000 textures/fog.jpg Fog
-8.000000 112.000000 -12.000000 7.000000 114.000000 -2.000000 textures/concrete.jpg Cube
-2.000000 114.000000 -9.000000 2.000000 126.000000 -5.000000 textures/fog.jpg Tele KOG
-329.000000 -123.000000 -222.000000 -328.000000 434.000000 371.000000 textures/sky/north.jpg Sky
622.000000 -123.000000 -222.000000 623.000000 434.000000 371.000000 textures/sky/south.jpg Sky
-328.000000 -123.000000 370.000000 622.000000 434.000000 371.000000 textures/sky/west.jpg Sky
-328.000000 -123.000000 -222.000000 622.000000 434.000000 -221.000000 textures/sky/east.jpg Sky
-328.000000 -123.000000 -221.000000 622.000000 -122.000000 370.000000 textures/sky/down.jpg Sky
-328.000000 433.000000 -221.000000 622.000000 434.000000 370.000000 textures/sky/up.jpg Sky
