-349.000000 -24.000000 -251.000000 662.000000 -23.000000 408.000000 textures/fog.jpg Fog
-17.000000 -25.000000 -12.000000 22.000000 -10.000000 5.000000 textures/concrete.jpg Cube
22.000000 -25.000000 5.000000 41.000000 1.000000 20.000000 textures/concrete.jpg Cube
22.000000 -10.000000 -3.000000 41.000000 -5.000000 5.000000 textures/concrete.jpg Ramp
22.000000 -25.000000 -3.000000 41.000000 -10.000000 5.000000 textures/concrete.jpg Cube
41.000000 -5.000000 5.000000 50.000000 1.000000 20.000000 textures/concrete.jpg Ramp180
41.000000 -25.000000 -3.000000 50.000000 -5.000000 5.000000 textures/concrete.jpg Cube
22.000000 -25.000000 20.000000 50.000000 1.000000 28.000000 textures/concrete.jpg Cube
5.000000 -25.000000 5.000000 22.000000 5.000000 28.000000 textures/concrete.jpg Cube
-41.000000 -25.000000 73.000000 -3.000000 53.000000 121.000000 textures/concrete.jpg Cube
6.000000 -25.000000 31.000000 12.000000 4.000000 39.000000 textures/concrete.jpg Cube
2.000000 -25.000000 44.000000 15.000000 6.000000 55.000000 textures/concrete.jpg Cube
15.000000 -25.000000 44.000000 39.000000 16.000000 55.000000 textures/concrete.jpg Cube
2.000000 -25.000000 55.000000 39.000000 11.000000 65.000000 textures/concrete.jpg Cube
31.000000 20.000000 60.000000 37.000000 21.000000 67.000000 textures/concrete.jpg Cube
12.000000 23.000000 89.000000 40.000000 80.000000 103.000000 textures/concrete.jpg Cube
4.000000 -25.000000 73.000000 40.000000 23.000000 121.000000 textures/concrete.jpg Cube
105.000000 -25.000000 64.000000 177.000000 140.000000 140.000000 textures/sprite-10-Wave.jpg Cube
18.000000 23.000000 121.000000 24.000000 30.000000 158.000000 textures/sprite-10-Wave.jpg Ramp180
-0.000000 -25.000000 158.000000 40.000000 30.000000 187.000000 textures/concrete.jpg Cube
-0.000000 -25.000000 187.000000 40.000000 46.000000 213.000000 textures/concrete.jpg Cube
55.000000 48.000000 197.000000 61.000000 49.000000 204.000000 textures/concrete.jpg Cube
61.000000 -25.000000 190.000000 94.000000 57.000000 212.000000 textures/concrete.jpg Cube
61.000000 -25.000000 173.000000 94.000000 57.000000 181.000000 textures/concrete.jpg Cube
61.000000 -25.000000 133.000000 70.000000 59.000000 168.000000 textures/concrete.jpg Cube
41.000000 -25.000000 5.000000 50.000000 -5.000000 20.000000 textures/concrete.jpg Cube
18.000000 -25.000000 121.000000 24.000000 23.000000 158.000000 textures/concrete.jpg Cube
15.000000 23.000000 79.000000 23.000000 29.000000 86.000000 textures/lightsource.jpg Energy
48.000000 -25.000000 104.000000 70.000000 59.000000 128.000000 textures/concrete.jpg Cube
50.000000 -25.000000 57.000000 70.000000 58.000000 87.000000 textures/concrete.jpg Cube
60.000000 -25.000000 26.000000 71.000000 61.000000 45.000000 textures/concrete.jpg Cube
60.000000 -25.000000 2.000000 112.000000 66.000000 26.000000 textures/concrete.jpg Cube
131.000000 -25.000000 3.000000 214.000000 35.000000 26.000000 textures/concrete.jpg Cube
230.000000 -25.000000 3.000000 260.000000 35.000000 26.000000 textures/concrete.jpg Cube
240.000000 -25.000000 35.000000 266.000000 35.000000 40.000000 textures/concrete.jpg Cube
230.000000 -25.000000 32.000000 240.000000 70.000000 85.000000 textures/concrete.jpg Cube
240.000000 -25.000000 58.000000 266.000000 35.000000 65.000000 textures/concrete.jpg Cube
240.000000 -25.000000 85.000000 266.000000 35.000000 90.000000 textures/concrete.jpg Cube
216.000000 -25.000000 85.000000 224.000000 35.000000 90.000000 textures/concrete.jpg Cube
184.000000 35.000000 84.000000 204.000000 44.000000 92.000000 textures/sprite-10-Wave.jpg Ramp180
177.000000 35.000000 84.000000 184.000000 44.000000 92.000000 textures/concrete.jpg Cube
177.000000 44.000000 64.000000 184.000000 53.000000 84.000000 textures/sprite-10-Wave.jpg Ramp
177.000000 44.000000 56.000000 204.000000 53.000000 64.000000 textures/concrete.jpg Cube
184.000000 -25.000000 64.000000 204.000000 53.000000 84.000000 textures/concrete.jpg Cube
204.000000 53.000000 65.000000 210.000000 57.000000 83.000000 textures/concrete.jpg Cube
210.000000 57.000000 67.000000 221.000000 61.000000 81.000000 textures/concrete.jpg Cube
221.000000 61.000000 71.000000 230.000000 66.000000 77.000000 textures/concrete.jpg Cube
131.000000 35.000000 3.000000 214.000000 66.000000 26.000000 textures/sprite-10-Wave.jpg Ramp
80.000000 66.000000 12.000000 86.000000 72.000000 18.000000 textures/lightsource.jpg Energy
230.000000 -25.000000 97.000000 240.000000 70.000000 140.000000 textures/concrete.jpg Cube
210.000000 -25.000000 140.000000 260.000000 70.000000 156.000000 textures/concrete.jpg Cube
210.000000 -25.000000 97.000000 230.000000 100.000000 140.000000 textures/concrete.jpg Cube
240.000000 -25.000000 97.000000 260.000000 100.000000 140.000000 textures/concrete.jpg Cube
210.000000 -25.000000 173.000000 260.000000 73.000000 193.000000 textures/concrete.jpg Cube
233.000000 70.000000 146.000000 237.000000 74.000000 150.000000 textures/lightsource.jpg Energy
188.000000 -25.000000 163.000000 205.000000 78.000000 193.000000 textures/concrete.jpg Cube
113.000000 -25.000000 160.000000 174.000000 100.000000 214.000000 textures/concrete.jpg Cube
191.000000 78.000000 168.000000 198.000000 100.000000 177.000000 textures/concrete.jpg Cube
209.000000 -25.000000 162.000000 228.000000 100.000000 171.000000 textures/concrete.jpg Cube
244.000000 -25.000000 163.000000 254.000000 100.000000 170.000000 textures/concrete.jpg Cube
265.000000 -25.000000 97.000000 273.000000 100.000000 172.000000 textures/concrete.jpg Cube
228.000000 73.000000 178.000000 243.000000 100.000000 190.000000 textures/concrete.jpg Cube
188.000000 -25.000000 141.000000 201.000000 87.000000 154.000000 textures/concrete.jpg Cube
188.000000 -25.000000 114.000000 201.000000 87.000000 141.000000 textures/concrete.jpg Cube
188.000000 -25.000000 99.000000 201.000000 97.000000 114.000000 textures/concrete.jpg Cube
98.000000 -25.000000 200.000000 108.000000 104.000000 208.000000 textures/concrete.jpg Cube
97.000000 -25.000000 184.000000 107.000000 110.000000 196.000000 textures/concrete.jpg Cube
97.000000 -25.000000 165.000000 107.000000 115.000000 177.000000 textures/concrete.jpg Cube
77.000000 -25.000000 154.000000 93.000000 115.000000 168.000000 textures/concrete.jpg Cube
76.000000 -25.000000 105.000000 101.000000 115.000000 147.000000 textures/concrete.jpg Cube
78.000000 -25.000000 36.000000 102.000000 115.000000 88.000000 textures/concrete.jpg Cube
108.000000 -25.000000 37.000000 174.000000 115.000000 60.000000 textures/concrete.jpg Cube
145.000000 115.000000 45.000000 149.000000 119.000000 49.000000 textures/lightsource.jpg Energy
188.000000 87.000000 114.000000 201.000000 97.000000 141.000000 textures/sprite-10-Wave.jpg Ramp
-86.000000 -25.000000 6.000000 -4.000000 44.000000 69.000000 textures/concrete.jpg Cube
-96.000000 -25.000000 -73.000000 -17.000000 26.000000 6.000000 textures/concrete.jpg Cube
14.000000 -25.000000 -73.000000 118.000000 1.000000 -32.000000 textures/concrete.jpg Cube
137.000000 -25.000000 -61.000000 215.000000 1.000000 -7.000000 textures/concrete.jpg Cube
60.000000 -25.000000 -28.000000 100.000000 55.000000 -5.000000 textures/concrete.jpg Cube
-75.000000 -25.000000 140.000000 -25.000000 1.000000 258.000000 textures/concrete.jpg Cube
-0.000000 -26.000000 229.000000 152.000000 1.000000 279.000000 textures/concrete.jpg Cube
190.000000 -26.000000 206.000000 267.000000 1.000000 282.000000 textures/concrete.jpg Cube
284.000000 -28.000000 229.000000 368.000000 1.000000 266.000000 textures/concrete.jpg Cube
281.000000 -25.000000 154.000000 376.000000 1.000000 215.000000 textures/concrete.jpg Cube
137.000000 151.000000 94.000000 151.000000 168.000000 113.000000 textures/lightsource.jpg LEnergy
252.000000 -26.000000 -60.000000 375.000000 1.000000 -30.000000 textures/concrete.jpg Cube
278.000000 -27.000000 -23.000000 377.000000 1.000000 128.000000 textures/concrete.jpg Cube
-17.000000 -10.000000 -12.000000 22.000000 26.000000 5.000000 textures/concrete.jpg Arch
-5.000000 -10.000000 -6.000000 -2.000000 -7.000000 -1.000000 textures/concrete.jpg Spawn
-329.000000 -123.000000 -222.000000 -328.000000 434.000000 371.000000 textures/sky/north.jpg Sky
622.000000 -123.000000 -222.000000 623.000000 434.000000 371.000000 textures/sky/south.jpg Sky
-328.000000 -123.000000 370.000000 622.000000 434.000000 371.000000 textures/sky/west.jpg Sky
-328.000000 -123.000000 -222.000000 622.000000 434.000000 -221.000000 textures/sky/east.jpg Sky
-328.000000 -123.000000 -221.000000 622.000000 -122.000000 370.000000 textures/sky/down.jpg Sky
-328.000000 433.000000 -221.000000 622.000000 434.000000 370.000000 textures/sky/up.jpg Sky
-14.000000 -10.000000 2.000000 -8.000000 -3.000000 4.000000 textures/fog.jpg Tele overworld
116.000000 140.000000 75.000000 170.000000 156.000000 132.000000 textures/lightsource.jpg Trigger Energy
17.000000 48.000000 199.000000 25.000000 52.000000 204.000000 textures/lightsource.jpg Energy
