19 -102.500000 15.000000 -51.500000 6.000000 textures/controls.jpg null 0
0 -97.000000 11.000000 2.000000 2.000000 textures/insightdownload.jpg null 0
52 -84.500000 16.500000 -51.500000 2.000000 textures/insightdownload.jpg null 0
47 -79.000000 13.500000 -32.000000 6.000000 textures/space.jpg null 0
0 -43.000000 11.000000 28.000000 2.000000 textures/insightdownload.jpg null 0
224 -12.000000 11.000000 91.000000 2.000000 textures/insightdownload.jpg null 0
127 -60.500000 24.000000 66.500000 5.000000 textures/mouse.jpg null 0
96 -52.500000 30.500000 71.000000 2.000000 textures/insightdownload.jpg null 0
167 -22.500000 27.500000 65.500000 2.000000 textures/insightdownload.jpg null 0
70 -7.500000 23.500000 -47.500000 2.000000 textures/insightdownload.jpg null 0
82 -8.500000 32.500000 40.500000 2.000000 textures/insightdownload.jpg null 0
175 -29.000000 42.500000 -6.000000 2.000000 textures/insightdownload.jpg null 0
123 -60.500000 24.000000 66.500000 6.000000 textures/mouse.jpg null 0
92 -52.000000 30.500000 71.000000 2.000000 textures/insightdownload.jpg null 0
163 -22.500000 27.500000 65.000000 2.000000 textures/insightdownload.jpg null 0
22 -96.000000 14.500000 7.000000 12.000000 textures/download.jpg null 0
113 -56.500000 14.000000 35.000000 8.000000 textures/e.jpg null 0
23 -102.500000 13.500000 3.500000 10.000000 textures/Vine_/Vine_000.jpg Downloads 1
20 -91.500000 14.500000 -1.500000 10.000000 textures/Vine3_/Vine3_000.jpg Downloads 1
22 -89.500000 14.500000 7.000000 10.000000 textures/Vine2_/Vine2_000.jpg Downloads 1
64 -79.000000 20.000000 -54.000000 10.000000 textures/Vine3_/Vine3_000.jpg Downloads 2
11 -89.500000 20.500000 -51.000000 10.000000 textures/Vine2_/Vine2_000.jpg Downloads 2
61 -82.000000 18.000000 -56.000000 5.000000 textures/Vine_/Vine_000.jpg Downloads 2
0 -28.000000 11.000000 -44.000000 10.000000 textures/Vine2_/Vine2_000.jpg Downloads 3
0 -34.000000 11.000000 -45.500000 10.000000 textures/Vine_/Vine_000.jpg Downloads 3
110 -45.500000 14.000000 33.000000 10.000000 textures/Vine3_/Vine3_000.jpg Downloads 4
110 -42.500000 14.000000 33.000000 10.000000 textures/Vine_/Vine_000.jpg Downloads 4
148 -13.500000 13.500000 95.500000 10.000000 textures/Vine2_/Vine2_000.jpg Downloads 5
146 -9.000000 14.000000 90.000000 10.000000 textures/Vine3_/Vine3_000.jpg Downloads 5
126 -46.500000 28.500000 69.500000 10.000000 textures/Vine3_/Vine3_000.jpg Downloads 6
138 -21.000000 27.500000 71.000000 10.000000 textures/Vine3_/Vine3_000.jpg Downloads 7
164 -22.000000 28.500000 58.000000 10.000000 textures/Vine3_/Vine3_000.jpg Downloads 7
90 -0.500000 35.000000 40.000000 10.000000 textures/Vine3_/Vine3_000.jpg Downloads 8
90 -0.500000 34.500000 43.000000 10.000000 textures/Vine2_/Vine2_000.jpg Downloads 8
90 -0.500000 34.500000 45.500000 10.000000 textures/Vine_/Vine_000.jpg Downloads 8
172 -33.000000 42.000000 -12.500000 10.000000 textures/Vine_/Vine_000.jpg Downloads 9
171 -28.000000 42.500000 -7.000000 10.000000 textures/Vine_/Vine_000.jpg Downloads 9
48 -65.000000 25.000000 -40.500000 10.000000 textures/Vine3_/Vine3_000.jpg Downloads 10
29 -65.000000 25.500000 -5.000000 10.000000 textures/Vine3_/Vine3_000.jpg Downloads 10
28 -65.000000 25.500000 8.500000 10.000000 textures/Vine3_/Vine3_000.jpg Downloads 10
73 -0.500000 28.000000 15.000000 10.000000 textures/Vine3_/Vine3_000.jpg Downloads 10
75 -0.500000 27.500000 -20.500000 10.000000 textures/Vine3_/Vine3_000.jpg Downloads 10
74 -0.500000 27.500000 -9.000000 10.000000 textures/Vine2_/Vine2_000.jpg Downloads 10
221 -2.000000 25.000000 5.500000 10.000000 textures/Vine2_/Vine2_000.jpg Downloads 10
219 -1.000000 24.000000 -36.000000 10.000000 textures/Vine2_/Vine2_000.jpg Downloads 10
217 -64.500000 23.500000 -56.000000 10.000000 textures/Vine2_/Vine2_000.jpg Downloads 10
216 -65.000000 23.500000 -18.000000 10.000000 textures/Vine2_/Vine2_000.jpg Downloads 10
215 -65.000000 23.500000 2.500000 10.000000 textures/Vine2_/Vine2_000.jpg Downloads 10
217 -48.000000 23.500000 -55.500000 10.000000 textures/Vine2_/Vine2_000.jpg Downloads 10
216 -48.500000 23.500000 -35.000000 10.000000 textures/Vine2_/Vine2_000.jpg Downloads 10
47 -65.000000 26.000000 -28.000000 10.000000 textures/Vine2_/Vine2_000.jpg Downloads 10
215 -48.000000 23.500000 -14.500000 10.000000 textures/Vine3_/Vine3_000.jpg Downloads 10
215 -64.500000 23.500000 -14.500000 10.000000 textures/Vine3_/Vine3_000.jpg Downloads 10
214 -64.500000 23.500000 23.500000 10.000000 textures/Vine3_/Vine3_000.jpg Downloads 10
214 -48.000000 23.500000 7.000000 10.000000 textures/Vine3_/Vine3_000.jpg Downloads 10
219 -17.500000 24.000000 -34.500000 10.000000 textures/Vine2_/Vine2_000.jpg Downloads 10
220 -17.000000 25.500000 -13.500000 10.000000 textures/Vine2_/Vine2_000.jpg Downloads 10
220 -2.500000 25.500000 -13.500000 10.000000 textures/Vine2_/Vine2_000.jpg Downloads 10
220 -2.000000 25.500000 2.000000 10.000000 textures/Vine2_/Vine2_000.jpg Downloads 10
221 -16.000000 25.000000 6.500000 10.000000 textures/Vine2_/Vine2_000.jpg Downloads 10
221 -1.500000 25.000000 24.500000 10.000000 textures/Vine_/Vine_000.jpg Downloads 10
221 -17.500000 25.000000 24.500000 10.000000 textures/Vine_/Vine_000.jpg Downloads 10
214 -48.500000 23.500000 24.500000 10.000000 textures/Vine_/Vine_000.jpg Downloads 10
215 -48.000000 23.500000 3.000000 10.000000 textures/Vine_/Vine_000.jpg Downloads 10
217 -48.000000 23.500000 -38.500000 10.000000 textures/Vine_/Vine_000.jpg Downloads 10
80 -48.500000 13.000000 -39.500000 10.000000 textures/Vine_/Vine_000.jpg Downloads 10
