-17.985762 19.000061 -46.796722 -1.000000 0.000000 0.000000 9.000000 textures/taco.jpg
-18.042856 19.004581 -26.340607 -1.000000 0.000000 0.000000 6.000000 textures/pizza.jpg
-18.064482 19.304222 -7.000000 -1.000000 0.000000 0.000000 10.000000 textures/machineshop.jpg
-18.053886 19.007635 14.108967 -1.000000 0.000000 0.000000 10.000000 textures/burger.jpg
-47.135822 19.006155 15.808359 1.000000 0.000000 0.000000 9.000000 textures/deli.jpg
-47.219994 19.000017 -5.412838 1.000000 0.000000 0.000000 9.000000 textures/yoga.jpg
-47.152390 19.007530 -27.025665 1.000000 0.000000 0.000000 8.000000 textures/sushi.jpg
-47.132885 19.002655 -47.169853 1.000000 0.000000 0.000000 8.000000 textures/gym.jpg
-32.157387 18.964279 47.707943 1.000000 0.000000 0.000000 6.000000 textures/smoothie.jpg
-32.064732 18.967503 62.206963 1.000000 0.000000 0.000000 6.000000 textures/cofe.jpg
