-561.000000 409.000000 -235.000000 351.000000 410.000000 314.000000 textures/fog.jpg Fog
-216.000000 17.000000 -128.000000 10.000000 22.000000 68.000000 textures/concrete.jpg Ground
-582.000000 -124.000000 -254.000000 -581.000000 433.000000 339.000000 textures/sky/north.jpg Sky
367.000000 -125.000000 -253.000000 368.000000 432.000000 340.000000 textures/sky/south.jpg Sky
-583.000000 -124.000000 339.000000 367.000000 433.000000 340.000000 textures/sky/west.jpg Sky
-583.000000 -125.000000 -252.000000 368.000000 432.000000 -251.000000 textures/sky/east.jpg Sky
-581.000000 -125.000000 -253.000000 369.000000 -124.000000 339.000000 textures/sky/down.jpg Sky
-583.000000 432.000000 -252.000000 367.000000 433.000000 339.000000 textures/sky/up.jpg Sky
-205.000000 22.000000 -128.000000 -194.000000 63.000000 -112.000000 textures/concrete.jpg Cube
-216.000000 22.000000 -128.000000 -205.000000 76.000000 -110.000000 textures/concrete.jpg Cube
-216.000000 22.000000 -95.000000 -205.000000 73.000000 -72.000000 textures/concrete.jpg Cube
-216.000000 22.000000 -72.000000 -205.000000 63.000000 -48.000000 textures/concrete.jpg Cube
-183.000000 22.000000 -128.000000 -179.000000 66.000000 -97.000000 textures/concrete.jpg Cube
-183.000000 22.000000 -97.000000 -179.000000 62.000000 -81.000000 textures/concrete.jpg Cube
-183.000000 22.000000 -81.000000 -179.000000 65.000000 -66.000000 textures/concrete.jpg Cube
-183.000000 22.000000 -66.000000 -179.000000 63.000000 -51.000000 textures/concrete.jpg Cube
-183.000000 22.000000 -51.000000 -179.000000 68.000000 -39.000000 textures/concrete.jpg Cube
-183.000000 22.000000 -39.000000 -179.000000 73.000000 -24.000000 textures/concrete.jpg Cube
-216.000000 22.000000 -48.000000 -205.000000 70.000000 -35.000000 textures/concrete.jpg Cube
-216.000000 22.000000 -35.000000 -205.000000 67.000000 -14.000000 textures/concrete.jpg Cube
-216.000000 22.000000 -110.000000 -205.000000 66.000000 -95.000000 textures/concrete.jpg Cube
-183.000000 22.000000 -24.000000 -179.000000 65.000000 1.000000 textures/concrete.jpg Cube
-216.000000 22.000000 -14.000000 -205.000000 63.000000 1.000000 textures/concrete.jpg Cube
-205.000000 22.000000 14.000000 -158.000000 61.000000 41.000000 textures/concrete.jpg Cube
-216.000000 22.000000 1.000000 -205.000000 68.000000 41.000000 textures/concrete.jpg Cube
-197.000000 22.000000 0.000000 -191.000000 27.000000 9.000000 textures/lightsource.jpg Energy
-194.000000 22.000000 -128.000000 -183.000000 66.000000 -112.000000 textures/concrete.jpg Cube
-158.000000 22.000000 -6.000000 -130.000000 77.000000 41.000000 textures/concrete.jpg Cube
-139.000000 22.000000 -31.000000 -130.000000 62.000000 -6.000000 textures/concrete.jpg Cube
-200.000000 22.000000 -106.000000 -189.000000 24.000000 -96.000000 textures/concrete.jpg Spawn
225.000000 426.000000 -64.000000 283.000000 428.000000 165.000000 textures/concrete.jpg Cube
172.000000 426.000000 27.000000 226.000000 428.000000 81.000000 textures/concrete.jpg Cube
131.000000 425.000000 66.000000 185.000000 427.000000 121.000000 textures/concrete.jpg Cube
82.000000 424.000000 109.000000 139.000000 426.000000 168.000000 textures/concrete.jpg Cube
131.000000 425.000000 -16.000000 185.000000 427.000000 40.000000 textures/concrete.jpg Cube
83.000000 424.000000 -64.000000 140.000000 426.000000 -7.000000 textures/concrete.jpg Cube
-180.000000 425.000000 120.000000 -30.000000 427.000000 171.000000 textures/concrete.jpg Cube
-220.000000 424.000000 -26.000000 -163.000000 426.000000 132.000000 textures/concrete.jpg Cube
-180.000000 425.000000 -68.000000 -36.000000 427.000000 -18.000000 textures/concrete.jpg Cube
-44.000000 424.000000 -26.000000 15.000000 426.000000 132.000000 textures/concrete.jpg Cube
-487.000000 427.000000 -64.000000 -337.000000 429.000000 -17.000000 textures/concrete.jpg Cube
-359.000000 425.000000 -35.000000 -302.000000 427.000000 138.000000 textures/concrete.jpg Cube
-472.000000 426.000000 120.000000 -343.000000 428.000000 170.000000 textures/concrete.jpg Cube
-506.000000 425.000000 65.000000 -454.000000 427.000000 138.000000 textures/concrete.jpg Cube
-471.000000 424.000000 40.000000 -389.000000 426.000000 89.000000 textures/concrete.jpg Cube
-158.000000 22.000000 -50.000000 -130.000000 56.000000 -31.000000 textures/concrete.jpg Cube
-179.000000 22.000000 -82.000000 -158.000000 24.000000 -79.000000 textures/concrete.jpg Cube
-158.000000 22.000000 -70.000000 -130.000000 64.000000 -50.000000 textures/concrete.jpg Cube
-158.000000 22.000000 -89.000000 -130.000000 60.000000 -70.000000 textures/concrete.jpg Cube
-179.000000 24.000000 -85.000000 -158.000000 26.000000 -82.000000 textures/concrete.jpg Cube
-179.000000 26.000000 -88.000000 -158.000000 28.000000 -85.000000 textures/concrete.jpg Cube
-179.000000 22.000000 -97.000000 -158.000000 30.000000 -87.000000 textures/concrete.jpg Cube
-179.000000 22.000000 -112.000000 -158.000000 33.000000 -97.000000 textures/concrete.jpg Cube
-171.000000 33.000000 -106.000000 -167.000000 37.000000 -103.000000 textures/lightsource.jpg Energy
-158.000000 22.000000 -103.000000 -130.000000 69.000000 -89.000000 textures/concrete.jpg Cube
-179.000000 22.000000 -128.000000 -169.000000 78.000000 -124.000000 textures/concrete.jpg Cube
-169.000000 22.000000 -128.000000 -158.000000 66.000000 -124.000000 textures/concrete.jpg Cube
-179.000000 22.000000 -124.000000 -173.000000 35.000000 -112.000000 textures/concrete.jpg Cube
-173.000000 22.000000 -124.000000 -168.000000 39.000000 -112.000000 textures/concrete.jpg Cube
-168.000000 22.000000 -124.000000 -162.000000 42.000000 -112.000000 textures/concrete.jpg Cube
-162.000000 22.000000 -124.000000 -158.000000 47.000000 -112.000000 textures/concrete.jpg Cube
-158.000000 22.000000 -128.000000 -130.000000 80.000000 -120.000000 textures/concrete.jpg Cube
-158.000000 22.000000 -120.000000 -130.000000 52.000000 -103.000000 textures/concrete.jpg Cube
-158.000000 22.000000 -31.000000 -139.000000 66.000000 -6.000000 textures/concrete.jpg Cube
-130.000000 22.000000 -128.000000 -105.000000 69.000000 -120.000000 textures/concrete.jpg Cube
-34.000000 22.000000 11.000000 -1.000000 48.000000 48.000000 textures/concrete2.jpg Cube
-34.000000 22.000000 -30.000000 -1.000000 49.000000 3.000000 textures/concrete2.jpg Cube
-34.000000 22.000000 -70.000000 -1.000000 46.000000 -37.000000 textures/concrete2.jpg Cube
-33.000000 22.000000 -110.000000 -1.000000 47.000000 -77.000000 textures/concrete2.jpg Cube
-105.000000 22.000000 -128.000000 -62.000000 62.000000 -120.000000 textures/concrete.jpg Cube
-62.000000 22.000000 -128.000000 -1.000000 85.000000 -120.000000 textures/concrete.jpg Cube
-1.000000 22.000000 7.000000 9.000000 76.000000 46.000000 textures/concrete.jpg Cube
-1.000000 22.000000 -32.000000 10.000000 87.000000 7.000000 textures/concrete.jpg Cube
-1.000000 22.000000 -65.000000 10.000000 78.000000 -32.000000 textures/concrete.jpg Cube
-1.000000 22.000000 -98.000000 10.000000 90.000000 -65.000000 textures/concrete.jpg Cube
-1.000000 22.000000 -128.000000 10.000000 85.000000 -98.000000 textures/concrete.jpg Cube
-130.000000 22.000000 -70.000000 -97.000000 45.000000 -37.000000 textures/concrete2.jpg Cube
-130.000000 22.000000 -28.000000 -97.000000 45.000000 5.000000 textures/concrete2.jpg Cube
-130.000000 22.000000 -110.000000 -97.000000 45.000000 -77.000000 textures/concrete2.jpg Cube
-130.000000 22.000000 15.000000 -97.000000 45.000000 48.000000 textures/concrete2.jpg Cube
-34.000000 22.000000 66.000000 -1.000000 65.000000 98.000000 textures/concrete.jpg Cube
-90.000000 22.000000 54.000000 -84.000000 26.000000 58.000000 textures/lightsource.jpg Energy
-65.000000 25.000000 -90.000000 -59.000000 29.000000 -86.000000 textures/lightsource.jpg Energy
-60.000000 22.000000 66.000000 -34.000000 51.000000 81.000000 textures/concrete.jpg Cube
-1.000000 22.000000 73.000000 9.000000 79.000000 102.000000 textures/concrete.jpg Cube
-1.000000 22.000000 46.000000 9.000000 63.000000 73.000000 textures/concrete.jpg Cube
-205.000000 22.000000 -2.000000 -183.000000 29.000000 11.000000 textures/sky/north.jpg Trigger Downloads
-178.000000 33.000000 -111.000000 -159.000000 37.000000 -98.000000 textures/sky/up.jpg Trigger Downloads
-70.000000 25.000000 -94.000000 -54.000000 29.000000 -82.000000 textures/sky/up.jpg Trigger Downloads
-96.000000 22.000000 49.000000 -77.000000 26.000000 65.000000 textures/sky/up.jpg Trigger Downloads
-110.000000 59.000000 136.000000 -99.000000 61.000000 148.000000 textures/concrete.jpg Cube
-36.000000 22.000000 -20.000000 -34.000000 31.000000 -13.000000 textures/door.jpg Cube
-36.000000 22.000000 -13.000000 -34.000000 31.000000 -6.000000 textures/door.jpg Cube
-36.000000 22.000000 23.000000 -34.000000 31.000000 30.000000 textures/door.jpg Cube
-36.000000 22.000000 30.000000 -34.000000 31.000000 37.000000 textures/door.jpg Cube
-36.000000 22.000000 -53.000000 -34.000000 31.000000 -46.000000 textures/door.jpg Cube
-36.000000 22.000000 -60.000000 -34.000000 31.000000 -53.000000 textures/door.jpg Cube
-35.000000 22.000000 -93.000000 -33.000000 31.000000 -86.000000 textures/door.jpg Cube
-35.000000 22.000000 -100.000000 -33.000000 31.000000 -93.000000 textures/door.jpg Cube
-97.000000 22.000000 -61.000000 -95.000000 31.000000 -54.000000 textures/door.jpg Cube
-97.000000 22.000000 -54.000000 -95.000000 31.000000 -47.000000 textures/door.jpg Cube
-97.000000 22.000000 -19.000000 -95.000000 31.000000 -12.000000 textures/door.jpg Cube
-97.000000 22.000000 -12.000000 -95.000000 31.000000 -5.000000 textures/door.jpg Cube
-97.000000 22.000000 24.000000 -95.000000 31.000000 31.000000 textures/door.jpg Cube
-97.000000 22.000000 31.000000 -95.000000 31.000000 38.000000 textures/door.jpg Cube
-97.000000 22.000000 -100.000000 -95.000000 31.000000 -93.000000 textures/door.jpg Cube
-97.000000 22.000000 -93.000000 -95.000000 31.000000 -86.000000 textures/door.jpg Cube
-77.000000 22.000000 66.000000 -60.000000 54.000000 81.000000 textures/concrete.jpg Cube
-97.000000 22.000000 66.000000 -77.000000 48.000000 81.000000 textures/concrete.jpg Cube
-70.000000 22.000000 -120.000000 -55.000000 24.000000 -111.000000 textures/concrete.jpg Cube
-70.000000 22.000000 56.000000 -55.000000 24.000000 66.000000 textures/concrete.jpg Cube
-152.000000 22.000000 63.000000 -113.000000 50.000000 78.000000 textures/concrete.jpg Cube
-152.000000 22.000000 78.000000 -113.000000 47.000000 93.000000 textures/concrete.jpg Cube
-97.000000 22.000000 81.000000 -89.000000 46.000000 94.000000 textures/concrete.jpg Cube
-97.000000 22.000000 94.000000 -89.000000 49.000000 104.000000 textures/concrete.jpg Cube
-97.000000 22.000000 104.000000 -89.000000 46.000000 117.000000 textures/concrete.jpg Cube
-121.000000 22.000000 93.000000 -113.000000 53.000000 103.000000 textures/concrete.jpg Cube
-152.000000 22.000000 48.000000 -113.000000 49.000000 63.000000 textures/concrete.jpg Cube
-97.000000 22.000000 117.000000 -89.000000 49.000000 131.000000 textures/concrete.jpg Cube
-121.000000 22.000000 103.000000 -113.000000 59.000000 117.000000 textures/concrete.jpg Cube
-121.000000 22.000000 117.000000 -113.000000 54.000000 129.000000 textures/concrete.jpg Cube
-121.000000 22.000000 129.000000 -113.000000 56.000000 147.000000 textures/concrete.jpg Cube
-113.000000 22.000000 120.000000 -97.000000 29.000000 147.000000 textures/concrete.jpg Ramp180
-121.000000 22.000000 147.000000 -113.000000 58.000000 158.000000 textures/concrete.jpg Cube
-97.000000 22.000000 131.000000 -89.000000 57.000000 147.000000 textures/concrete.jpg Cube
-121.000000 22.000000 158.000000 -113.000000 50.000000 173.000000 textures/concrete.jpg Cube
-113.000000 22.000000 159.000000 -105.000000 53.000000 173.000000 textures/concrete.jpg Cube
-105.000000 22.000000 159.000000 -88.000000 55.000000 173.000000 textures/concrete.jpg Cube
-113.000000 22.000000 147.000000 -97.000000 29.000000 159.000000 textures/concrete.jpg Cube
-97.000000 22.000000 147.000000 -57.000000 29.000000 159.000000 textures/concrete.jpg Cube
-88.000000 22.000000 159.000000 -75.000000 58.000000 173.000000 textures/concrete.jpg Cube
-75.000000 22.000000 159.000000 -60.000000 55.000000 173.000000 textures/concrete.jpg Cube
-89.000000 22.000000 139.000000 -74.000000 57.000000 147.000000 textures/concrete.jpg Cube
-74.000000 22.000000 139.000000 -62.000000 59.000000 147.000000 textures/concrete.jpg Cube
-57.000000 22.000000 147.000000 -30.000000 29.000000 159.000000 textures/concrete.jpg Ramp180
-62.000000 22.000000 139.000000 -46.000000 57.000000 147.000000 textures/concrete.jpg Cube
-46.000000 22.000000 139.000000 -30.000000 55.000000 147.000000 textures/concrete.jpg Cube
-60.000000 22.000000 159.000000 -42.000000 52.000000 173.000000 textures/concrete.jpg Cube
-42.000000 22.000000 159.000000 -30.000000 56.000000 173.000000 textures/concrete.jpg Cube
-18.000000 22.000000 143.000000 10.000000 55.000000 159.000000 textures/concrete.jpg Cube
-18.000000 22.000000 130.000000 10.000000 58.000000 143.000000 textures/concrete.jpg Cube
-18.000000 22.000000 114.000000 9.000000 61.000000 130.000000 textures/concrete.jpg Cube
-18.000000 22.000000 98.000000 10.000000 55.000000 114.000000 textures/concrete.jpg Cube
-18.000000 22.000000 159.000000 10.000000 62.000000 175.000000 textures/concrete.jpg Cube
-18.000000 22.000000 175.000000 9.000000 58.000000 191.000000 textures/concrete.jpg Cube
-23.000000 22.000000 191.000000 -10.000000 51.000000 200.000000 textures/concrete.jpg Cube
-43.000000 22.000000 191.000000 -23.000000 55.000000 200.000000 textures/concrete.jpg Cube
-63.000000 22.000000 191.000000 -43.000000 50.000000 200.000000 textures/concrete.jpg Cube
-88.000000 22.000000 173.000000 -30.000000 35.000000 191.000000 textures/concrete.jpg Ramp180
-83.000000 22.000000 191.000000 -63.000000 57.000000 200.000000 textures/concrete.jpg Cube
-103.000000 22.000000 191.000000 -83.000000 60.000000 200.000000 textures/concrete.jpg Cube
-123.000000 22.000000 191.000000 -103.000000 69.000000 200.000000 textures/concrete.jpg Cube
-152.000000 22.000000 191.000000 -123.000000 63.000000 200.000000 textures/concrete.jpg Cube
-143.000000 22.000000 173.000000 -88.000000 35.000000 191.000000 textures/concrete.jpg Cube
-152.000000 22.000000 173.000000 -143.000000 66.000000 191.000000 textures/concrete.jpg Cube
-143.000000 35.000000 132.000000 -121.000000 44.000000 173.000000 textures/concrete.jpg Ramp
-89.000000 22.000000 116.000000 -67.000000 45.000000 133.000000 textures/concrete2.jpg Cube
-89.000000 22.000000 88.000000 -67.000000 45.000000 105.000000 textures/concrete2.jpg Cube
-67.000000 22.000000 92.000000 -65.000000 31.000000 99.000000 textures/door.jpg Cube
-67.000000 22.000000 121.000000 -65.000000 31.000000 128.000000 textures/door.jpg Cube
-143.000000 22.000000 114.000000 -121.000000 44.000000 132.000000 textures/concrete.jpg Cube
-51.000000 53.000000 125.000000 -38.000000 55.000000 136.000000 textures/concrete.jpg Cube
-51.000000 55.000000 111.000000 -38.000000 57.000000 122.000000 textures/concrete.jpg Cube
-51.000000 57.000000 97.000000 -38.000000 59.000000 108.000000 textures/concrete.jpg Cube
-25.000000 68.000000 51.000000 -12.000000 70.000000 62.000000 textures/concrete.jpg Cube
-31.000000 71.000000 37.000000 -18.000000 73.000000 48.000000 textures/concrete.jpg Cube
-40.000000 74.000000 24.000000 -27.000000 76.000000 35.000000 textures/concrete.jpg Cube
-50.000000 77.000000 11.000000 -37.000000 79.000000 22.000000 textures/concrete.jpg Cube
-60.000000 80.000000 -2.000000 -47.000000 82.000000 9.000000 textures/concrete.jpg Cube
-66.000000 83.000000 -17.000000 -53.000000 85.000000 -6.000000 textures/concrete.jpg Cube
-73.000000 82.000000 -32.000000 -60.000000 84.000000 -21.000000 textures/concrete.jpg Cube
-66.000000 80.000000 -46.000000 -53.000000 82.000000 -35.000000 textures/concrete.jpg Cube
-67.000000 78.000000 -62.000000 -54.000000 80.000000 -51.000000 textures/concrete.jpg Cube
-59.000000 75.000000 -78.000000 -46.000000 77.000000 -67.000000 textures/concrete.jpg Cube
-49.000000 71.000000 -93.000000 -37.000000 73.000000 -81.000000 textures/concrete.jpg Cube
-37.000000 65.000000 -94.000000 -23.000000 67.000000 -82.000000 textures/concrete.jpg Cube
-30.000000 22.000000 177.000000 -19.000000 26.000000 189.000000 textures/sky/up.jpg Trigger Downloads
-20.000000 65.000000 79.000000 -14.000000 69.000000 83.000000 textures/lightsource.jpg Energy
-62.000000 85.000000 -14.000000 -56.000000 89.000000 -10.000000 textures/lightsource.jpg Energy
-18.000000 49.000000 -97.000000 -12.000000 53.000000 -93.000000 textures/lightsource.jpg Energy
-110.000000 61.000000 136.000000 -99.000000 65.000000 148.000000 textures/sky/up.jpg Trigger Downloads
-51.000000 55.000000 125.000000 -38.000000 59.000000 136.000000 textures/sky/up.jpg Trigger Downloads
-25.000000 65.000000 75.000000 -9.000000 69.000000 87.000000 textures/sky/up.jpg Trigger Downloads
-107.000000 61.000000 140.000000 -101.000000 65.000000 144.000000 textures/lightsource.jpg Energy
-27.000000 22.000000 181.000000 -21.000000 26.000000 185.000000 textures/lightsource.jpg Energy
-66.000000 85.000000 -17.000000 -53.000000 89.000000 -6.000000 textures/sky/up.jpg Trigger Downloads
-48.000000 55.000000 128.000000 -42.000000 59.000000 132.000000 textures/lightsource.jpg Energy
-23.000000 49.000000 -101.000000 -7.000000 53.000000 -89.000000 textures/sky/up.jpg Trigger Downloads
-152.000000 22.000000 155.000000 -143.000000 70.000000 173.000000 textures/concrete.jpg Cube
-152.000000 22.000000 137.000000 -143.000000 67.000000 155.000000 textures/concrete.jpg Cube
-152.000000 22.000000 114.000000 -143.000000 72.000000 137.000000 textures/concrete.jpg Cube
-135.000000 22.000000 93.000000 -121.000000 62.000000 114.000000 textures/concrete.jpg Cube
-152.000000 22.000000 93.000000 -135.000000 66.000000 114.000000 textures/concrete.jpg Cube
-36.000000 36.000000 -22.000000 -34.000000 46.000000 -4.000000 textures/concrete2.jpg Cube
-36.000000 34.000000 21.000000 -34.000000 44.000000 39.000000 textures/concrete2.jpg Cube
-36.000000 34.000000 -61.000000 -34.000000 43.000000 -45.000000 textures/concrete2.jpg Cube
-35.000000 35.000000 -102.000000 -33.000000 44.000000 -84.000000 textures/concrete2.jpg Cube
-97.000000 34.000000 -101.000000 -95.000000 42.000000 -85.000000 textures/concrete2.jpg Cube
-97.000000 34.000000 -62.000000 -95.000000 42.000000 -46.000000 textures/concrete2.jpg Cube
-97.000000 33.000000 -20.000000 -95.000000 44.000000 -4.000000 textures/concrete2.jpg Cube
-97.000000 33.000000 23.000000 -95.000000 43.000000 39.000000 textures/concrete2.jpg Cube
-90.000000 45.000000 115.000000 -66.000000 47.000000 134.000000 textures/concrete.jpg Cube
-90.000000 45.000000 87.000000 -66.000000 47.000000 106.000000 textures/concrete.jpg Cube
-98.000000 22.000000 -35.000000 -94.000000 40.000000 -30.000000 textures/aluminum.jpg Model models/lamppost/lamppost.obj +x
-99.000000 22.000000 7.000000 -95.000000 40.000000 12.000000 textures/aluminum.jpg Model models/lamppost/lamppost.obj +x
-98.000000 22.000000 -76.000000 -94.000000 40.000000 -71.000000 textures/aluminum.jpg Model models/lamppost/lamppost.obj +x
-130.000000 45.000000 13.000000 -95.000000 47.000000 50.000000 textures/concrete.jpg Cube
-130.000000 45.000000 -30.000000 -95.000000 47.000000 7.000000 textures/concrete.jpg Cube
-130.000000 45.000000 -72.000000 -95.000000 47.000000 -35.000000 textures/concrete.jpg Cube
-130.000000 45.000000 -112.000000 -95.000000 47.000000 -75.000000 textures/concrete.jpg Cube
-35.000000 47.000000 -112.000000 -1.000000 49.000000 -75.000000 textures/concrete.jpg Cube
-36.000000 46.000000 -72.000000 -1.000000 48.000000 -35.000000 textures/concrete.jpg Cube
-36.000000 49.000000 -32.000000 -1.000000 51.000000 5.000000 textures/concrete.jpg Cube
-36.000000 48.000000 9.000000 -2.000000 50.000000 50.000000 textures/concrete.jpg Cube
-67.000000 34.000000 118.000000 -66.000000 42.000000 131.000000 textures/concrete2.jpg Cube
-67.000000 34.000000 90.000000 -66.000000 42.000000 103.000000 textures/concrete2.jpg Cube
-153.000000 17.000000 68.000000 10.000000 22.000000 201.000000 textures/concrete.jpg Ground
-826.000000 2.000000 -256.000000 544.000000 7.000000 463.000000 textures/fog.jpg Fog
