190.692719 6.961385 -218.349258 1.000000 0.000000 0.000000 10.000000 textures/cola.jpg
113.929482 34.470444 -228.326889 1.000000 0.000000 0.000000 10.000000 textures/paper.jpg
153.541565 49.970562 -248.079468 -1.000000 0.000000 0.000000 10.000000 textures/dr.jpg
205.387817 37.686634 -265.362579 -1.000000 0.000000 0.000000 10.000000 textures/car.jpg
126.111000 120.964386 -184.858810 -1.000000 0.000000 0.000000 15.000000 textures/java.jpg
176.975662 120.968964 -165.389969 -1.000000 0.000000 0.000000 15.000000 textures/car.jpg
166.356415 120.965240 -186.472885 1.000000 0.000000 0.000000 15.000000 textures/tux.jpg
139.554535 120.962425 -171.769058 0.000000 0.000000 1.000000 15.000000 textures/cola.jpg
209.245743 162.966080 -181.651047 -1.000000 0.000000 0.000000 20.000000 textures/apartment.jpg
176.939392 166.968536 -241.885300 0.000000 0.000000 1.000000 20.000000 textures/apartment3.jpg
145.126129 166.967529 -215.018524 0.000000 0.000000 -1.000000 20.000000 textures/apartment2.jpg
135.057907 206.965408 -203.560730 0.000000 0.000000 -1.000000 15.000000 textures/weather.jpg
30.500000 9.500000 -6.000000 -1.000000 0.000000 0.000000 6.000000 textures/sushi.jpg
39.500000 9.000000 1.000000 0.000000 0.000000 1.000000 6.000000 textures/sushi.jpg
51.500000 9.000000 1.000000 0.000000 0.000000 1.000000 6.000000 textures/taco.jpg
55.000000 9.500000 11.000000 -1.000000 0.000000 0.000000 6.000000 textures/deli.jpg
51.500000 9.000000 15.500000 0.000000 0.000000 -1.000000 5.000000 textures/pizza.jpg
39.000000 9.000000 15.500000 0.000000 0.000000 -1.000000 7.000000 textures/burger.jpg
30.500000 9.000000 23.000000 -1.000000 0.000000 0.000000 7.000000 textures/burger.jpg
12.953965 20.001179 11.334927 0.000000 0.000000 -1.000000 17.000000 textures/gym.jpg
-0.850560 19.001175 -1.962122 1.000000 0.000000 0.000000 17.000000 textures/fashion.jpg
113.979317 62.508667 -26.477537 -1.000000 0.000000 0.000000 40.000000 textures/inn.jpg
12.123851 19.003199 -15.605644 0.000000 0.000000 1.000000 15.000000 textures/KOGisWatching2.jpg
