-1465.000000 -13.000000 -1646.000000 1382.000000 -10.000000 1311.000000 textures/fog.jpg Fog
77.000000 85.000000 -338.000000 87.000000 86.000000 -328.000000 textures/concrete.jpg Cube
11.000000 34.000000 -4.000000 13.000000 38.000000 0.000000 textures/robot.jpg Spawn
50.000000 7.000000 -34.000000 62.000000 8.000000 -23.000000 textures/concrete.jpg Cube
50.000000 13.000000 -55.000000 62.000000 14.000000 -36.000000 textures/concrete.jpg Cube
34.000000 17.000000 -57.000000 46.000000 18.000000 -45.000000 textures/concrete.jpg Cube
-7.000000 -1.000000 -45.000000 49.000000 56.000000 -33.000000 textures/concrete2.jpg Cube
-34.000000 -1.000000 -33.000000 -6.000000 52.000000 26.000000 textures/concrete.jpg Cube
-7.000000 -1.000000 26.000000 49.000000 56.000000 65.000000 textures/concrete.jpg Cube
-7.000000 50.000000 -49.000000 6.000000 52.000000 -37.000000 textures/concrete.jpg Cube
21.000000 19.000000 -69.000000 33.000000 20.000000 -57.000000 textures/concrete.jpg Cube
-21.000000 -0.000000 51.000000 -9.000000 70.000000 68.000000 textures/concrete.jpg Cube
-34.000000 -0.000000 68.000000 -9.000000 112.000000 114.000000 textures/concrete.jpg Cube
-9.000000 -0.000000 67.000000 16.000000 92.000000 97.000000 textures/concrete.jpg Cube
-23.000000 114.000000 102.000000 -17.000000 116.000000 108.000000 textures/lightsource.jpg Energy
-16.000000 -4.000000 117.000000 -3.000000 226.000000 134.000000 textures/concrete.jpg Cube
-41.000000 -5.000000 127.000000 -28.000000 215.000000 144.000000 textures/concrete.jpg Cube
-15.000000 -6.000000 146.000000 -2.000000 204.000000 163.000000 textures/concrete.jpg Cube
-37.000000 -7.000000 167.000000 -24.000000 192.000000 186.000000 textures/concrete.jpg Cube
-10.000000 -8.000000 178.000000 3.000000 178.000000 195.000000 textures/concrete.jpg Cube
-29.000000 -9.000000 195.000000 -18.000000 166.000000 212.000000 textures/concrete.jpg Cube
-21.000000 116.000000 121.000000 -16.000000 118.000000 127.000000 textures/concrete.jpg Cube
-29.000000 122.000000 132.000000 -24.000000 124.000000 138.000000 textures/concrete.jpg Cube
-20.000000 125.000000 150.000000 -15.000000 127.000000 157.000000 textures/concrete.jpg Cube
-24.000000 131.000000 172.000000 -19.000000 133.000000 179.000000 textures/concrete.jpg Cube
-15.000000 143.000000 182.000000 -10.000000 145.000000 189.000000 textures/concrete.jpg Cube
-18.000000 152.000000 199.000000 -13.000000 154.000000 206.000000 textures/concrete.jpg Cube
-11.000000 228.000000 123.000000 -8.000000 231.000000 127.000000 textures/lightsource.jpg Energy
17.000000 -4.000000 140.000000 32.000000 271.000000 157.000000 textures/concrete.jpg Cube
27.000000 -4.000000 123.000000 40.000000 280.000000 140.000000 textures/concrete.jpg Cube
47.000000 281.000000 135.000000 53.000000 282.000000 140.000000 textures/concrete.jpg Cube
34.000000 282.000000 138.000000 36.000000 284.000000 140.000000 textures/lightsource.jpg Energy
68.000000 280.000000 142.000000 74.000000 281.000000 147.000000 textures/concrete.jpg Cube
91.000000 278.000000 136.000000 96.000000 279.000000 141.000000 textures/concrete.jpg Cube
109.000000 280.000000 136.000000 115.000000 281.000000 141.000000 textures/concrete.jpg Cube
131.000000 279.000000 129.000000 137.000000 280.000000 134.000000 textures/concrete.jpg Cube
150.000000 280.000000 122.000000 156.000000 281.000000 127.000000 textures/concrete.jpg Cube
171.000000 278.000000 133.000000 177.000000 279.000000 138.000000 textures/concrete.jpg Cube
190.000000 277.000000 139.000000 196.000000 278.000000 144.000000 textures/concrete.jpg Cube
204.000000 278.000000 146.000000 210.000000 279.000000 151.000000 textures/concrete.jpg Cube
221.000000 279.000000 148.000000 227.000000 280.000000 153.000000 textures/concrete.jpg Cube
238.000000 278.000000 134.000000 245.000000 279.000000 139.000000 textures/concrete.jpg Cube
266.000000 279.000000 140.000000 273.000000 280.000000 146.000000 textures/concrete.jpg Cube
290.000000 -6.000000 83.000000 418.000000 282.000000 199.000000 textures/concrete.jpg Cube
330.000000 284.000000 119.000000 377.000000 326.000000 168.000000 textures/lightsource.jpg LEnergy
49.000000 0.000000 -17.000000 60.000000 4.000000 26.000000 textures/concrete.jpg Cube
60.000000 4.000000 18.000000 85.000000 5.000000 24.000000 textures/concrete.jpg Cube
91.000000 4.000000 18.000000 113.000000 5.000000 24.000000 textures/concrete.jpg Cube
113.000000 4.000000 9.000000 151.000000 24.000000 34.000000 textures/concrete2.jpg Cube
113.000000 4.000000 -15.000000 133.000000 44.000000 9.000000 textures/concrete.jpg Cube
133.000000 4.000000 -15.000000 144.000000 56.000000 -1.000000 textures/concrete.jpg Cube
133.000000 4.000000 -1.000000 151.000000 66.000000 9.000000 textures/concrete.jpg Cube
151.000000 4.000000 18.000000 164.000000 44.000000 29.000000 textures/concrete.jpg Cube
151.000000 4.000000 7.000000 164.000000 50.000000 18.000000 textures/concrete.jpg Cube
152.000000 3.000000 36.000000 176.000000 49.000000 69.000000 textures/concrete.jpg Cube
152.000000 49.000000 47.000000 168.000000 64.000000 58.000000 textures/concrete.jpg Cube
163.000000 49.000000 58.000000 168.000000 76.000000 63.000000 textures/concrete.jpg Cube
176.000000 73.000000 58.000000 189.000000 76.000000 63.000000 textures/concrete.jpg Cube
196.000000 3.000000 48.000000 205.000000 76.000000 63.000000 textures/concrete.jpg Cube
196.000000 3.000000 18.000000 233.000000 76.000000 38.000000 textures/concrete.jpg Cube
233.000000 3.000000 -174.000000 265.000000 153.000000 38.000000 textures/concrete.jpg Cube
196.000000 2.000000 -21.000000 233.000000 75.000000 -3.000000 textures/concrete.jpg Cube
196.000000 2.000000 -59.000000 233.000000 75.000000 -41.000000 textures/concrete.jpg Cube
196.000000 2.000000 -96.000000 233.000000 75.000000 -78.000000 textures/concrete.jpg Cube
196.000000 2.000000 -136.000000 233.000000 75.000000 -118.000000 textures/concrete.jpg Cube
196.000000 2.000000 -174.000000 233.000000 75.000000 -156.000000 textures/concrete.jpg Cube
180.000000 77.000000 -171.000000 190.000000 78.000000 -161.000000 textures/concrete.jpg Cube
167.000000 78.000000 -176.000000 177.000000 79.000000 -166.000000 textures/concrete.jpg Cube
152.000000 79.000000 -187.000000 162.000000 80.000000 -177.000000 textures/concrete.jpg Cube
143.000000 80.000000 -203.000000 153.000000 81.000000 -193.000000 textures/concrete.jpg Cube
142.000000 81.000000 -220.000000 152.000000 82.000000 -210.000000 textures/concrete.jpg Cube
156.000000 82.000000 -233.000000 166.000000 83.000000 -223.000000 textures/concrete.jpg Cube
174.000000 83.000000 -241.000000 184.000000 84.000000 -231.000000 textures/concrete.jpg Cube
193.000000 84.000000 -251.000000 203.000000 85.000000 -241.000000 textures/concrete.jpg Cube
209.000000 85.000000 -266.000000 219.000000 86.000000 -256.000000 textures/concrete.jpg Cube
220.000000 85.000000 -284.000000 230.000000 86.000000 -274.000000 textures/concrete.jpg Cube
222.000000 85.000000 -304.000000 232.000000 86.000000 -294.000000 textures/concrete.jpg Cube
214.000000 85.000000 -324.000000 224.000000 86.000000 -314.000000 textures/concrete.jpg Cube
201.000000 85.000000 -342.000000 211.000000 86.000000 -332.000000 textures/concrete.jpg Cube
185.000000 85.000000 -358.000000 195.000000 86.000000 -348.000000 textures/concrete.jpg Cube
168.000000 85.000000 -371.000000 178.000000 86.000000 -361.000000 textures/concrete.jpg Cube
149.000000 85.000000 -363.000000 159.000000 86.000000 -353.000000 textures/concrete.jpg Cube
134.000000 85.000000 -348.000000 144.000000 86.000000 -338.000000 textures/concrete.jpg Cube
114.000000 85.000000 -342.000000 124.000000 86.000000 -332.000000 textures/concrete.jpg Cube
95.000000 85.000000 -333.000000 105.000000 86.000000 -323.000000 textures/concrete.jpg Cube
-6.000000 -1.000000 -33.000000 49.000000 4.000000 26.000000 textures/concrete.jpg Cube
213.000000 78.000000 25.000000 217.000000 81.000000 29.000000 textures/lightsource.jpg Energy
145.000000 84.000000 -217.000000 148.000000 87.000000 -214.000000 textures/lightsource.jpg Energy
155.000000 5.000000 -232.000000 160.000000 60.000000 -190.000000 textures/concrete.jpg Cube
145.000000 84.000000 -217.000000 148.000000 87.000000 -214.000000 textures/lightsource.jpg Energy
-319.000000 4.000000 -232.000000 155.000000 6.000000 -190.000000 textures/concrete.jpg Cube
-352.000000 4.000000 -222.000000 -330.000000 6.000000 -202.000000 textures/concrete.jpg Cube
-345.000000 21.000000 -215.000000 -341.000000 25.000000 -207.000000 textures/lightsource.jpg LEnergy
19.000000 123.000000 -349.000000 50.000000 203.000000 -318.000000 textures/concrete.jpg Cube
76.000000 125.000000 -338.000000 86.000000 126.000000 -328.000000 textures/concrete.jpg Cube
80.000000 129.000000 -335.000000 83.000000 130.000000 -332.000000 textures/lightsource.jpg Energy
86.000000 167.000000 -335.000000 100.000000 209.000000 -320.000000 textures/concrete.jpg Cube
100.000000 180.000000 -345.000000 136.000000 222.000000 -320.000000 textures/concrete.jpg Cube
158.000000 180.000000 -406.000000 313.000000 222.000000 -317.000000 textures/concrete.jpg Cube
361.000000 180.000000 -406.000000 517.000000 286.000000 -316.000000 textures/concrete.jpg Cube
258.000000 222.000000 -405.000000 313.000000 425.000000 -353.000000 textures/concrete.jpg Cube
204.000000 132.000000 -634.000000 483.000000 294.000000 -405.000000 textures/concrete.jpg Cube
240.000000 267.000000 -376.000000 258.000000 269.000000 -353.000000 textures/concrete.jpg Cube
290.000000 180.000000 -317.000000 320.000000 183.000000 -294.000000 textures/concrete.jpg Cube
312.000000 139.000000 -406.000000 340.000000 142.000000 -368.000000 textures/concrete.jpg Cube
418.000000 139.000000 -406.000000 446.000000 142.000000 -383.000000 textures/concrete.jpg Cube
428.000000 144.000000 -399.000000 432.000000 148.000000 -395.000000 textures/lightsource.jpg Energy
313.000000 218.000000 -406.000000 361.000000 222.000000 -317.000000 textures/concrete.jpg Cube
450.000000 128.000000 -401.000000 459.000000 129.000000 -392.000000 textures/concrete.jpg Cube
435.000000 122.000000 -401.000000 444.000000 123.000000 -392.000000 textures/concrete.jpg Cube
433.000000 60.000000 -424.000000 453.000000 93.000000 -406.000000 textures/concrete.jpg Cube
433.000000 44.000000 -443.000000 453.000000 64.000000 -424.000000 textures/concrete.jpg Cube
212.000000 -5.000000 -612.000000 446.000000 0.000000 -415.000000 textures/concrete.jpg Cube
354.000000 -0.000000 -476.000000 377.000000 4.000000 -447.000000 textures/concrete.jpg Cube
354.000000 4.000000 -476.000000 371.000000 8.000000 -447.000000 textures/concrete.jpg Cube
354.000000 8.000000 -476.000000 365.000000 12.000000 -447.000000 textures/concrete.jpg Cube
354.000000 0.000000 -447.000000 377.000000 26.000000 -425.000000 textures/concrete.jpg Cube
343.000000 0.000000 -464.000000 354.000000 19.000000 -425.000000 textures/concrete.jpg Cube
325.000000 0.000000 -441.000000 335.000000 38.000000 -425.000000 textures/concrete.jpg Cube
335.000000 31.000000 -436.000000 341.000000 32.000000 -430.000000 textures/concrete.jpg Cube
311.000000 0.000000 -448.000000 325.000000 49.000000 -435.000000 textures/concrete.jpg Cube
316.000000 0.000000 -435.000000 325.000000 35.000000 -425.000000 textures/concrete.jpg Cube
289.000000 47.000000 -446.000000 299.000000 48.000000 -436.000000 textures/concrete.jpg Cube
273.000000 50.000000 -446.000000 283.000000 51.000000 -436.000000 textures/concrete.jpg Cube
257.000000 53.000000 -447.000000 267.000000 54.000000 -436.000000 textures/concrete.jpg Cube
241.000000 55.000000 -451.000000 251.000000 56.000000 -441.000000 textures/concrete.jpg Cube
233.000000 58.000000 -462.000000 243.000000 59.000000 -452.000000 textures/concrete.jpg Cube
236.000000 58.000000 -484.000000 241.000000 71.000000 -470.000000 textures/concrete.jpg Cube
236.000000 58.000000 -492.000000 274.000000 71.000000 -484.000000 textures/concrete.jpg Cube
267.000000 71.000000 -492.000000 274.000000 84.000000 -484.000000 textures/concrete.jpg Cube
303.000000 71.000000 -491.000000 313.000000 84.000000 -483.000000 textures/concrete.jpg Cube
305.000000 71.000000 -502.000000 313.000000 90.000000 -491.000000 textures/concrete.jpg Cube
313.000000 71.000000 -494.000000 321.000000 96.000000 -486.000000 textures/concrete.jpg Cube
321.000000 81.000000 -494.000000 357.000000 96.000000 -486.000000 textures/concrete.jpg Ramp180
360.000000 79.000000 -499.000000 368.000000 80.000000 -491.000000 textures/concrete.jpg Cube
370.000000 76.000000 -506.000000 378.000000 77.000000 -498.000000 textures/concrete.jpg Cube
381.000000 73.000000 -512.000000 389.000000 74.000000 -504.000000 textures/concrete.jpg Cube
392.000000 70.000000 -521.000000 400.000000 71.000000 -513.000000 textures/concrete.jpg Cube
401.000000 67.000000 -534.000000 409.000000 68.000000 -526.000000 textures/concrete.jpg Cube
407.000000 64.000000 -546.000000 415.000000 65.000000 -538.000000 textures/concrete.jpg Cube
412.000000 61.000000 -561.000000 420.000000 62.000000 -553.000000 textures/concrete.jpg Cube
412.000000 58.000000 -575.000000 420.000000 59.000000 -567.000000 textures/concrete.jpg Cube
361.000000 57.000000 -582.000000 409.000000 59.000000 -560.000000 textures/concrete.jpg Cube
351.000000 57.000000 -582.000000 361.000000 72.000000 -572.000000 textures/concrete.jpg Cube
351.000000 57.000000 -572.000000 361.000000 68.000000 -565.000000 textures/concrete.jpg Cube
339.000000 56.000000 -592.000000 351.000000 78.000000 -567.000000 textures/concrete.jpg Cube
343.000000 80.000000 -582.000000 346.000000 83.000000 -579.000000 textures/lightsource.jpg Energy
342.000000 60.000000 -622.000000 353.000000 107.000000 -617.000000 textures/concrete.jpg Cube
216.000000 95.000000 -622.000000 339.000000 99.000000 -547.000000 textures/concrete.jpg Cube
204.000000 99.000000 -550.000000 339.000000 132.000000 -547.000000 textures/concrete.jpg Cube
333.000000 99.000000 -605.000000 339.000000 111.000000 -550.000000 textures/concrete.jpg Cube
260.000000 65.000000 -591.000000 282.000000 77.000000 -574.000000 textures/lightsource.jpg LEnergy
206.000000 98.000000 -561.000000 216.000000 99.000000 -550.000000 textures/concrete.jpg Cube
205.000000 90.000000 -573.000000 215.000000 91.000000 -562.000000 textures/concrete.jpg Cube
208.000000 83.000000 -587.000000 218.000000 84.000000 -576.000000 textures/concrete.jpg Cube
212.000000 75.000000 -601.000000 222.000000 76.000000 -591.000000 textures/concrete.jpg Cube
226.000000 61.000000 -605.000000 236.000000 62.000000 -595.000000 textures/concrete.jpg Cube
240.000000 52.000000 -602.000000 250.000000 53.000000 -591.000000 textures/concrete.jpg Cube
256.000000 54.000000 -594.000000 284.000000 55.000000 -571.000000 textures/concrete.jpg Cube
336.000000 56.000000 -628.000000 339.000000 95.000000 -550.000000 textures/concrete.jpg Cube
216.000000 56.000000 -550.000000 339.000000 95.000000 -547.000000 textures/concrete.jpg Cube
115.000000 224.000000 -333.000000 119.000000 227.000000 -330.000000 textures/lightsource.jpg Energy
386.000000 3.000000 -460.000000 391.000000 6.000000 -457.000000 textures/lightsource.jpg Energy
212.000000 -5.000000 -415.000000 433.000000 133.000000 -406.000000 textures/concrete.jpg Cube
204.000000 -5.000000 -547.000000 212.000000 133.000000 -406.000000 textures/concrete.jpg Cube
204.000000 222.000000 -405.000000 222.000000 244.000000 -390.000000 textures/concrete.jpg Cube
222.000000 222.000000 -405.000000 240.000000 255.000000 -390.000000 textures/concrete.jpg Cube
240.000000 222.000000 -405.000000 258.000000 268.000000 -390.000000 textures/concrete.jpg Cube
250.000000 222.000000 -353.000000 269.000000 277.000000 -338.000000 textures/concrete.jpg Cube
289.000000 222.000000 -353.000000 313.000000 297.000000 -338.000000 textures/concrete.jpg Cube
313.000000 222.000000 -365.000000 331.000000 313.000000 -338.000000 textures/concrete.jpg Cube
313.000000 222.000000 -381.000000 331.000000 328.000000 -365.000000 textures/concrete.jpg Cube
313.000000 222.000000 -405.000000 331.000000 341.000000 -381.000000 textures/concrete.jpg Cube
303.000000 294.000000 -426.000000 321.000000 355.000000 -405.000000 textures/concrete.jpg Cube
285.000000 294.000000 -426.000000 303.000000 373.000000 -405.000000 textures/concrete.jpg Cube
258.000000 294.000000 -426.000000 285.000000 394.000000 -405.000000 textures/concrete.jpg Cube
274.000000 432.000000 -387.000000 294.000000 456.000000 -366.000000 textures/lightsource.jpg LEnergy
446.000000 397.000000 -393.000000 463.000000 399.000000 -362.000000 textures/concrete.jpg Cube
93.000000 4.000000 -25.000000 113.000000 24.000000 -1.000000 textures/concrete2.jpg Cube
64.000000 4.000000 -25.000000 93.000000 26.000000 -1.000000 textures/concrete2.jpg Cube
64.000000 3.000000 34.000000 91.000000 25.000000 58.000000 textures/concrete2.jpg Cube
91.000000 3.000000 34.000000 113.000000 25.000000 58.000000 textures/concrete2.jpg Cube
70.000000 14.000000 -1.000000 87.000000 23.000000 -0.000000 textures/concrete2.jpg Cube
96.000000 13.000000 -1.000000 110.000000 22.000000 -0.000000 textures/concrete2.jpg Cube
96.000000 14.000000 33.000000 109.000000 23.000000 34.000000 textures/concrete2.jpg Cube
68.000000 14.000000 33.000000 87.000000 23.000000 34.000000 textures/concrete2.jpg Cube
112.000000 14.000000 14.000000 113.000000 23.000000 30.000000 textures/concrete2.jpg Cube
63.000000 14.000000 38.000000 64.000000 23.000000 54.000000 textures/concrete2.jpg Cube
63.000000 14.000000 -20.000000 64.000000 23.000000 -4.000000 textures/concrete2.jpg Cube
75.000000 4.000000 -1.000000 79.000000 12.000000 0.000000 textures/door.jpg Cube
79.000000 4.000000 -1.000000 83.000000 12.000000 0.000000 textures/door.jpg Cube
99.000000 4.000000 -1.000000 103.000000 12.000000 0.000000 textures/door.jpg Cube
103.000000 4.000000 -1.000000 107.000000 12.000000 0.000000 textures/door.jpg Cube
103.000000 3.000000 33.000000 107.000000 11.000000 34.000000 textures/door.jpg Cube
99.000000 3.000000 33.000000 103.000000 11.000000 34.000000 textures/door.jpg Cube
73.000000 3.000000 33.000000 77.000000 11.000000 34.000000 textures/door.jpg Cube
77.000000 3.000000 33.000000 81.000000 11.000000 34.000000 textures/door.jpg Cube
112.000000 5.000000 21.000000 113.000000 12.000000 25.000000 textures/door.jpg Cube
112.000000 5.000000 17.000000 113.000000 12.000000 21.000000 textures/door.jpg Cube
62.000000 26.000000 -27.000000 93.000000 28.000000 1.000000 textures/concrete2.jpg Cube
93.000000 24.000000 -27.000000 113.000000 26.000000 1.000000 textures/concrete2.jpg Cube
91.000000 25.000000 32.000000 113.000000 27.000000 60.000000 textures/concrete2.jpg Cube
62.000000 25.000000 32.000000 91.000000 27.000000 60.000000 textures/concrete2.jpg Cube
111.000000 24.000000 9.000000 151.000000 25.000000 36.000000 textures/concrete2.jpg Cube
-9.000000 56.000000 24.000000 51.000000 58.000000 67.000000 textures/concrete2.jpg Cube
-36.000000 52.000000 -33.000000 -4.000000 54.000000 26.000000 textures/concrete2.jpg Cube
9.000000 31.000000 25.000000 42.000000 52.000000 26.000000 textures/concrete2.jpg Cube
-6.000000 27.000000 -17.000000 -4.000000 48.000000 9.000000 textures/concrete2.jpg Cube
8.000000 29.000000 -33.000000 41.000000 50.000000 -32.000000 textures/concrete2.jpg Cube
26.000000 4.000000 25.000000 31.000000 12.000000 26.000000 textures/door.jpg Cube
21.000000 4.000000 25.000000 26.000000 12.000000 26.000000 textures/door.jpg Cube
-6.000000 4.000000 -7.000000 -5.000000 12.000000 -3.000000 textures/door.jpg Cube
-6.000000 4.000000 -3.000000 -5.000000 12.000000 1.000000 textures/door.jpg Cube
330.000000 282.000000 119.000000 377.000000 293.000000 168.000000 textures/door.jpg Trigger Energy
271.000000 425.000000 -394.000000 297.000000 449.000000 -361.000000 textures/door.jpg Trigger Energy
260.000000 55.000000 -591.000000 282.000000 67.000000 -574.000000 textures/door.jpg Trigger Energy
20.000000 4.000000 -33.000000 27.000000 16.000000 -28.000000 textures/fog.jpg Tele overworld
50.000000 123.000000 -345.000000 62.000000 124.000000 -322.000000 textures/concrete.jpg Cube
77.000000 199.000000 -332.000000 86.000000 200.000000 -322.000000 textures/concrete.jpg Cube
481.000000 359.000000 -415.000000 559.000000 399.000000 -332.000000 textures/concrete.jpg Cube
655.000000 389.000000 -499.000000 758.000000 662.000000 -333.000000 textures/concrete.jpg Cube
610.000000 391.000000 -376.000000 655.000000 394.000000 -333.000000 textures/concrete.jpg Cube
705.000000 664.000000 -421.000000 712.000000 670.000000 -409.000000 textures/lightsource.jpg Energy
655.000000 554.000000 -21.000000 758.000000 673.000000 90.000000 textures/concrete.jpg Cube
693.000000 682.000000 17.000000 729.000000 705.000000 56.000000 textures/lightsource.jpg LEnergy
690.000000 674.000000 15.000000 734.000000 705.000000 57.000000 textures/door.jpg Trigger Energy
630.000000 396.000000 -359.000000 635.000000 399.000000 -354.000000 textures/lightsource.jpg Energy
682.000000 580.000000 -534.000000 758.000000 622.000000 -499.000000 textures/concrete.jpg Ramp
758.000000 611.000000 -534.000000 780.000000 622.000000 -433.000000 textures/concrete.jpg Cube
-562.000000 -10.000000 702.000000 1153.000000 1310.000000 803.000000 textures/sky/west.jpg Sky
-562.000000 -10.000000 -1238.000000 1153.000000 1310.000000 -1139.000000 textures/sky/east.jpg Sky
-562.000000 1310.000000 -1139.000000 1153.000000 1435.000000 702.000000 textures/sky/up.jpg Sky
-586.000000 -10.000000 -1139.000000 -562.000000 1310.000000 702.000000 textures/sky/north.jpg Sky
1153.000000 -13.000000 -1139.000000 1175.000000 1310.000000 702.000000 textures/sky/south.jpg Sky
-352.000000 6.000000 -222.000000 -331.000000 24.000000 -202.000000 textures/door.jpg Trigger Energy
