257.273071 58.470711 713.250000 -1.000000 0.000000 0.000000 100.000000 textures/KOGG.jpg
-212.261612 68.963821 514.385925 1.000000 0.000000 0.000000 100.000000 textures/KOGisWatching2.jpg
266.296326 70.104645 151.871124 -1.000000 0.000000 0.000000 75.000000 textures/KOGisWatching.jpg
10.299280 1.461130 119.297325 0.000000 0.000000 -1.000000 15.000000 textures/apartment.jpg
8.069101 1.467370 410.138306 0.000000 0.000000 -1.000000 15.000000 textures/apartment2.jpg
11.505558 19.969566 449.355103 0.000000 0.000000 -1.000000 15.000000 textures/apartment2.jpg
16.461597 1.460810 678.327393 0.000000 0.000000 -1.000000 15.000000 textures/apartment3.jpg
16.959948 1.461847 735.963745 0.000000 0.000000 1.000000 15.000000 textures/apartment3.jpg
12.645097 1.465145 513.714661 0.000000 0.000000 1.000000 15.000000 textures/apartment2.jpg
11.562201 19.965151 475.062805 0.000000 0.000000 1.000000 15.000000 textures/apartment2.jpg
-6.098628 1.468495 262.171326 0.000000 0.000000 1.000000 15.000000 textures/apartment.jpg
