-20.000000 -20.000000 -20.000000 20.000000 0.000000 20.000000 textures/concrete.jpg Cube
-3.000000 0.000000 -3.000000 4.000000 10.000000 3.000000 textures/concrete.jpg Spawn
20.000000 253.000000 1678.000000 59.000000 276.000000 1714.000000 textures/lightsource.jpg LEnergy
-3.000000 -20.000000 1664.000000 79.000000 246.000000 1726.000000 textures/concrete.jpg Cube
-55.000000 -20.000000 33.000000 -14.000000 -5.000000 72.000000 textures/concrete.jpg Cube
-55.000000 -5.000000 29.000000 -14.000000 4.000000 52.000000 textures/concrete.jpg Roof180
-55.000000 -5.000000 52.000000 -14.000000 4.000000 76.000000 textures/concrete.jpg Roof
-6.000000 0.000000 -18.000000 7.000000 14.000000 -10.000000 textures/fog.jpg Tele overworld
-0.000000 -20.000000 81.000000 41.000000 -5.000000 120.000000 textures/concrete.jpg Cube
20.000000 -5.000000 81.000000 45.000000 4.000000 120.000000 textures/concrete.jpg Roof180
-4.000000 -5.000000 81.000000 20.000000 4.000000 120.000000 textures/concrete.jpg Roof
-0.000000 -20.000000 149.000000 41.000000 -4.000000 206.000000 textures/concrete.jpg Cube
-4.000000 -4.000000 149.000000 20.000000 5.000000 206.000000 textures/concrete.jpg Roof
20.000000 -4.000000 149.000000 45.000000 5.000000 206.000000 textures/concrete.jpg Roof180
-106.000000 -20.000000 223.000000 152.000000 -7.000000 536.000000 textures/concrete.jpg Cube
536.000000 -20.000000 211.000000 739.000000 58.000000 397.000000 textures/concrete.jpg Cube
95.000000 -7.000000 242.000000 152.000000 14.000000 522.000000 textures/concrete.jpg Cube
-106.000000 -7.000000 242.000000 -49.000000 14.000000 397.000000 textures/concrete.jpg Cube
95.000000 14.000000 242.000000 152.000000 30.000000 522.000000 textures/concrete.jpg Roof180
-49.000000 -7.000000 334.000000 38.000000 14.000000 397.000000 textures/concrete.jpg Cube
-49.000000 14.000000 334.000000 38.000000 30.000000 367.000000 textures/concrete.jpg Roof180
-106.000000 14.000000 242.000000 -49.000000 30.000000 397.000000 textures/concrete.jpg Roof
-49.000000 14.000000 367.000000 38.000000 30.000000 397.000000 textures/concrete.jpg Roof
-99.000000 -5.000000 455.000000 -96.000000 -1.000000 460.000000 textures/lightsource.jpg Energy
537.000000 58.000000 212.000000 719.000000 279.000000 221.000000 textures/concrete.jpg Cube
537.000000 58.000000 389.000000 719.000000 279.000000 398.000000 textures/concrete.jpg Cube
537.000000 279.000000 212.000000 643.000000 286.000000 398.000000 textures/concrete.jpg Cube
719.000000 58.000000 212.000000 739.000000 279.000000 398.000000 textures/concrete.jpg Cube
541.000000 286.000000 295.000000 552.000000 297.000000 306.000000 textures/concrete.jpg Trigger Console
15.000000 246.000000 1673.000000 63.000000 288.000000 1720.000000 textures/lightsource.jpg Trigger Energy
-697.000000 -20.000000 902.000000 -428.000000 275.000000 1152.000000 textures/concrete.jpg Cube
-443.000000 275.000000 1020.000000 -433.000000 286.000000 1028.000000 textures/concrete.jpg Trigger Console
-49.000000 -7.000000 242.000000 95.000000 14.000000 275.000000 textures/concrete.jpg Cube
-49.000000 14.000000 242.000000 95.000000 30.000000 275.000000 textures/concrete.jpg Roof180
-106.000000 14.000000 484.000000 95.000000 30.000000 522.000000 textures/concrete.jpg Roof
-106.000000 -7.000000 484.000000 95.000000 14.000000 522.000000 textures/concrete.jpg Cube
-97.000000 -20.000000 803.000000 145.000000 -7.000000 1049.000000 textures/concrete.jpg Cube
88.000000 14.000000 822.000000 145.000000 30.000000 1026.000000 textures/concrete.jpg Roof180
88.000000 -7.000000 822.000000 145.000000 14.000000 1026.000000 textures/concrete.jpg Cube
-97.000000 14.000000 822.000000 -40.000000 30.000000 1026.000000 textures/concrete.jpg Roof
-97.000000 -7.000000 822.000000 -40.000000 14.000000 1026.000000 textures/concrete.jpg Cube
-40.000000 -7.000000 822.000000 88.000000 14.000000 860.000000 textures/concrete.jpg Cube
-40.000000 14.000000 822.000000 88.000000 30.000000 860.000000 textures/concrete.jpg Roof180
-40.000000 14.000000 988.000000 88.000000 30.000000 1026.000000 textures/concrete.jpg Roof
-40.000000 -7.000000 988.000000 88.000000 14.000000 1026.000000 textures/concrete.jpg Cube
-87.000000 -20.000000 1281.000000 143.000000 -7.000000 1549.000000 textures/concrete.jpg Cube
86.000000 14.000000 1305.000000 127.000000 30.000000 1525.000000 textures/concrete.jpg Roof180
86.000000 -7.000000 1305.000000 126.000000 14.000000 1524.000000 textures/concrete.jpg Cube
49.000000 -7.000000 1412.000000 86.000000 14.000000 1443.000000 textures/concrete.jpg Cube
49.000000 14.000000 1379.000000 86.000000 30.000000 1412.000000 textures/concrete.jpg Roof180
49.000000 -7.000000 1379.000000 86.000000 14.000000 1412.000000 textures/concrete.jpg Cube
18.000000 -7.000000 1361.000000 49.000000 14.000000 1396.000000 textures/concrete.jpg Cube
18.000000 14.000000 1361.000000 49.000000 30.000000 1396.000000 textures/concrete.jpg Ramp180
-18.000000 14.000000 1336.000000 18.000000 30.000000 1378.000000 textures/concrete.jpg Ramp180
-18.000000 -7.000000 1336.000000 18.000000 14.000000 1378.000000 textures/concrete.jpg Cube
-57.000000 -7.000000 1306.000000 -18.000000 14.000000 1355.000000 textures/concrete.jpg Cube
-57.000000 14.000000 1306.000000 -18.000000 30.000000 1355.000000 textures/concrete.jpg Ramp180
17.000000 -7.000000 1429.000000 49.000000 14.000000 1464.000000 textures/concrete.jpg Cube
-21.000000 -7.000000 1450.000000 17.000000 14.000000 1495.000000 textures/concrete.jpg Cube
-62.000000 -7.000000 1477.000000 -21.000000 14.000000 1524.000000 textures/concrete.jpg Cube
17.000000 14.000000 1429.000000 49.000000 30.000000 1464.000000 textures/concrete.jpg Ramp
-21.000000 14.000000 1450.000000 17.000000 30.000000 1495.000000 textures/concrete.jpg Ramp
-62.000000 14.000000 1477.000000 -21.000000 30.000000 1524.000000 textures/concrete.jpg Ramp
49.000000 14.000000 1412.000000 86.000000 30.000000 1443.000000 textures/concrete.jpg Roof
7.000000 -20.000000 570.000000 48.000000 -4.000000 624.000000 textures/concrete.jpg Cube
7.000000 -4.000000 566.000000 48.000000 5.000000 598.000000 textures/concrete.jpg Roof180
7.000000 -4.000000 598.000000 48.000000 5.000000 628.000000 textures/concrete.jpg Roof
60.000000 -20.000000 647.000000 101.000000 -4.000000 686.000000 textures/concrete.jpg Cube
60.000000 -4.000000 666.000000 101.000000 5.000000 690.000000 textures/concrete.jpg Roof
60.000000 -4.000000 643.000000 101.000000 5.000000 666.000000 textures/concrete.jpg Roof180
168.000000 -20.000000 648.000000 209.000000 -4.000000 687.000000 textures/concrete.jpg Cube
168.000000 -4.000000 644.000000 209.000000 5.000000 667.000000 textures/concrete.jpg Roof180
168.000000 -4.000000 667.000000 209.000000 5.000000 691.000000 textures/concrete.jpg Roof
120.000000 -20.000000 652.000000 150.000000 -4.000000 682.000000 textures/concrete.jpg Cube
-170.000000 -4.000000 466.000000 -122.000000 5.000000 490.000000 textures/concrete.jpg Roof
-170.000000 -4.000000 443.000000 -122.000000 5.000000 466.000000 textures/concrete.jpg Roof180
-170.000000 -20.000000 447.000000 -122.000000 -4.000000 486.000000 textures/concrete.jpg Cube
-230.000000 -20.000000 447.000000 -189.000000 -4.000000 486.000000 textures/concrete.jpg Cube
-287.000000 -20.000000 497.000000 -246.000000 1.000000 536.000000 textures/concrete.jpg Cube
-230.000000 -4.000000 443.000000 -189.000000 5.000000 466.000000 textures/concrete.jpg Roof180
-230.000000 -4.000000 466.000000 -189.000000 5.000000 490.000000 textures/concrete.jpg Roof
-287.000000 1.000000 516.000000 -246.000000 10.000000 540.000000 textures/concrete.jpg Roof
-287.000000 1.000000 493.000000 -246.000000 10.000000 516.000000 textures/concrete.jpg Roof180
-290.000000 -20.000000 563.000000 -249.000000 -4.000000 602.000000 textures/concrete.jpg Cube
-270.000000 -4.000000 563.000000 -245.000000 5.000000 602.000000 textures/concrete.jpg Roof180
-294.000000 -4.000000 563.000000 -270.000000 5.000000 602.000000 textures/concrete.jpg Roof
-232.000000 -20.000000 617.000000 -191.000000 -4.000000 686.000000 textures/concrete.jpg Cube
-236.000000 -4.000000 617.000000 -212.000000 5.000000 686.000000 textures/concrete.jpg Roof
-212.000000 -4.000000 617.000000 -187.000000 5.000000 686.000000 textures/concrete.jpg Roof180
-1109.000000 -21.000000 -498.000000 1275.000000 -20.000000 2226.000000 textures/fog.jpg Fog
-170.000000 -20.000000 688.000000 -129.000000 -4.000000 727.000000 textures/concrete.jpg Cube
-174.000000 -4.000000 688.000000 -150.000000 5.000000 727.000000 textures/concrete.jpg Roof
-150.000000 -4.000000 688.000000 -125.000000 5.000000 727.000000 textures/concrete.jpg Roof180
-151.000000 -20.000000 747.000000 -110.000000 -4.000000 786.000000 textures/concrete.jpg Cube
-131.000000 -4.000000 747.000000 -106.000000 5.000000 786.000000 textures/concrete.jpg Roof180
-155.000000 -4.000000 747.000000 -131.000000 5.000000 786.000000 textures/concrete.jpg Roof
2.000000 30.000000 901.000000 46.000000 50.000000 944.000000 textures/concrete.jpg Cube
94.000000 -20.000000 1066.000000 135.000000 -4.000000 1105.000000 textures/concrete.jpg Cube
114.000000 -4.000000 1066.000000 139.000000 5.000000 1105.000000 textures/concrete.jpg Roof180
90.000000 -4.000000 1066.000000 114.000000 5.000000 1105.000000 textures/concrete.jpg Roof
-52.000000 -4.000000 1066.000000 -27.000000 5.000000 1105.000000 textures/concrete.jpg Roof180
-76.000000 -4.000000 1066.000000 -52.000000 5.000000 1105.000000 textures/concrete.jpg Roof
-71.000000 -20.000000 1066.000000 -30.000000 -4.000000 1105.000000 textures/concrete.jpg Cube
-16.000000 -20.000000 1115.000000 74.000000 -4.000000 1154.000000 textures/concrete.jpg Cube
-16.000000 -4.000000 1111.000000 74.000000 5.000000 1134.000000 textures/concrete.jpg Roof180
-16.000000 -4.000000 1134.000000 74.000000 5.000000 1158.000000 textures/concrete.jpg Roof
-68.000000 -20.000000 1172.000000 -27.000000 -4.000000 1211.000000 textures/concrete.jpg Cube
-72.000000 -4.000000 1172.000000 -48.000000 5.000000 1211.000000 textures/concrete.jpg Roof
-48.000000 -4.000000 1172.000000 -23.000000 5.000000 1211.000000 textures/concrete.jpg Roof180
92.000000 -4.000000 1177.000000 116.000000 5.000000 1216.000000 textures/concrete.jpg Roof
116.000000 -4.000000 1177.000000 141.000000 5.000000 1216.000000 textures/concrete.jpg Roof180
96.000000 -20.000000 1177.000000 137.000000 -4.000000 1216.000000 textures/concrete.jpg Cube
-12.000000 -4.000000 1224.000000 78.000000 5.000000 1247.000000 textures/concrete.jpg Roof180
-12.000000 -4.000000 1247.000000 78.000000 5.000000 1271.000000 textures/concrete.jpg Roof
-12.000000 -20.000000 1228.000000 78.000000 -4.000000 1267.000000 textures/concrete.jpg Cube
21.000000 -20.000000 1570.000000 62.000000 1.000000 1654.000000 textures/concrete.jpg Cube
41.000000 1.000000 1570.000000 66.000000 10.000000 1654.000000 textures/concrete.jpg Roof180
17.000000 1.000000 1570.000000 41.000000 10.000000 1654.000000 textures/concrete.jpg Roof
48.000000 25.000000 1652.000000 104.000000 27.000000 1691.000000 textures/concrete.jpg Cube
48.000000 39.000000 1700.000000 104.000000 41.000000 1739.000000 textures/concrete.jpg Cube
-30.000000 50.000000 1701.000000 26.000000 52.000000 1740.000000 textures/concrete.jpg Cube
-30.000000 59.000000 1650.000000 26.000000 61.000000 1689.000000 textures/concrete.jpg Cube
55.000000 -20.000000 1743.000000 137.000000 108.000000 1810.000000 textures/concrete.jpg Cube
-68.000000 -20.000000 1743.000000 14.000000 108.000000 1810.000000 textures/concrete.jpg Cube
-68.000000 108.000000 1743.000000 137.000000 176.000000 1777.000000 textures/concrete.jpg Ramp180
48.000000 73.000000 1652.000000 104.000000 75.000000 1691.000000 textures/concrete.jpg Cube
23.000000 86.000000 1700.000000 103.000000 88.000000 1738.000000 textures/concrete.jpg Cube
23.000000 86.000000 1738.000000 47.000000 88.000000 1840.000000 textures/concrete.jpg Cube
71.000000 99.000000 1810.000000 94.000000 102.000000 1840.000000 textures/concrete.jpg Cube
31.000000 88.000000 1820.000000 41.000000 96.000000 1827.000000 textures/lightsource.jpg Energy
125.000000 111.000000 1810.000000 148.000000 114.000000 1840.000000 textures/concrete.jpg Cube
-68.000000 108.000000 1777.000000 137.000000 176.000000 1810.000000 textures/concrete.jpg Cube
-68.000000 176.000000 1777.000000 137.000000 244.000000 1810.000000 textures/concrete.jpg Ramp
137.000000 240.000000 1686.000000 157.000000 244.000000 1810.000000 textures/concrete.jpg Cube
98.000000 240.000000 1686.000000 137.000000 244.000000 1714.000000 textures/concrete.jpg Cube
37.000000 10.000000 1609.000000 45.000000 14.000000 1615.000000 textures/lightsource.jpg Energy
531.000000 275.000000 1413.000000 542.000000 287.000000 1423.000000 textures/concrete.jpg Trigger Console
518.000000 -20.000000 1295.000000 787.000000 275.000000 1545.000000 textures/concrete.jpg Cube
15.000000 108.000000 1419.000000 58.000000 113.000000 1439.000000 textures/concrete.jpg Cube
15.000000 108.000000 1386.000000 58.000000 113.000000 1400.000000 textures/concrete.jpg Cube
15.000000 108.000000 1400.000000 31.000000 113.000000 1419.000000 textures/concrete.jpg Cube
49.000000 108.000000 1400.000000 58.000000 113.000000 1419.000000 textures/concrete.jpg Cube
573.000000 58.000000 347.000000 627.000000 73.000000 376.000000 textures/concrete.jpg Cube
573.000000 58.000000 318.000000 627.000000 87.000000 347.000000 textures/concrete.jpg Cube
573.000000 58.000000 289.000000 627.000000 101.000000 318.000000 textures/concrete.jpg Cube
573.000000 58.000000 260.000000 627.000000 120.000000 289.000000 textures/concrete.jpg Cube
573.000000 58.000000 240.000000 627.000000 140.000000 260.000000 textures/concrete.jpg Cube
573.000000 197.000000 240.000000 627.000000 279.000000 260.000000 textures/concrete.jpg Cube
573.000000 217.000000 260.000000 627.000000 279.000000 289.000000 textures/concrete.jpg Cube
573.000000 236.000000 289.000000 627.000000 279.000000 318.000000 textures/concrete.jpg Cube
573.000000 250.000000 318.000000 627.000000 279.000000 347.000000 textures/concrete.jpg Cube
573.000000 264.000000 347.000000 627.000000 279.000000 376.000000 textures/concrete.jpg Cube
580.000000 197.000000 228.000000 618.000000 200.000000 240.000000 textures/concrete.jpg Cube
580.000000 252.000000 221.000000 618.000000 255.000000 233.000000 textures/concrete.jpg Cube
37.000000 201.000000 910.000000 54.000000 205.000000 937.000000 textures/concrete.jpg Cube
-40.000000 26.000000 860.000000 88.000000 30.000000 988.000000 textures/concrete.jpg Cube
44.000000 205.000000 910.000000 48.000000 208.000000 937.000000 textures/lightsource.jpg Energy
-288.000000 246.000000 997.000000 -223.000000 263.000000 1048.000000 textures/concrete.jpg Cube
-268.000000 263.000000 1015.000000 -243.000000 270.000000 1031.000000 textures/lightsource.jpg Energy
133.000000 -4.000000 666.000000 138.000000 -0.000000 670.000000 textures/lightsource.jpg Energy
595.000000 140.000000 246.000000 605.000000 148.000000 255.000000 textures/lightsource.jpg Energy
-64.000000 -4.000000 747.000000 -39.000000 5.000000 786.000000 textures/concrete.jpg Roof180
-88.000000 -4.000000 747.000000 -64.000000 5.000000 786.000000 textures/concrete.jpg Roof
-84.000000 -20.000000 747.000000 -43.000000 -4.000000 786.000000 textures/concrete.jpg Cube
27.000000 32.000000 981.000000 32.000000 36.000000 985.000000 textures/lightsource.jpg Energy
-1523.000000 -123.000000 -750.000000 -1522.000000 594.000000 2445.000000 textures/sky/north.jpg Sky
1555.000000 -123.000000 -751.000000 1556.000000 594.000000 2441.000000 textures/sky/south.jpg Sky
-1522.000000 -123.000000 2441.000000 1555.000000 594.000000 2442.000000 textures/sky/west.jpg Sky
-1523.000000 -123.000000 -751.000000 1555.000000 594.000000 -750.000000 textures/sky/east.jpg Sky
-1525.000000 -123.000000 -750.000000 1551.000000 -122.000000 2443.000000 textures/sky/down.jpg Sky
-1523.000000 592.000000 -750.000000 1555.000000 594.000000 2450.000000 textures/sky/up.jpg Sky
21.000000 -20.000000 1549.000000 62.000000 -2.000000 1570.000000 textures/concrete.jpg Cube
-14.000000 -20.000000 39.000000 0.000000 -17.000000 65.000000 textures/concrete.jpg Cube
11.000000 -20.000000 70.000000 55.000000 -17.000000 91.000000 textures/concrete.jpg Cube
6.000000 -20.000000 113.000000 56.000000 -17.000000 127.000000 textures/concrete.jpg Cube
6.000000 -20.000000 142.000000 56.000000 -17.000000 158.000000 textures/concrete.jpg Cube
4.000000 -20.000000 197.000000 54.000000 -17.000000 216.000000 textures/concrete.jpg Cube
36.000000 -20.000000 168.000000 56.000000 -17.000000 183.000000 textures/concrete.jpg Cube
-130.000000 -20.000000 436.000000 -110.000000 -17.000000 498.000000 textures/concrete.jpg Cube
-199.000000 -20.000000 480.000000 -165.000000 -17.000000 500.000000 textures/concrete.jpg Cube
-254.000000 -20.000000 482.000000 -220.000000 -17.000000 502.000000 textures/concrete.jpg Cube
-253.000000 -20.000000 529.000000 -219.000000 -17.000000 569.000000 textures/concrete.jpg Cube
-254.000000 -20.000000 594.000000 -220.000000 -17.000000 625.000000 textures/concrete.jpg Cube
-195.000000 -20.000000 594.000000 -161.000000 -17.000000 625.000000 textures/concrete.jpg Cube
-195.000000 -20.000000 666.000000 -161.000000 -17.000000 697.000000 textures/concrete.jpg Cube
-133.000000 -20.000000 667.000000 -99.000000 -17.000000 698.000000 textures/concrete.jpg Cube
-130.000000 -20.000000 719.000000 -96.000000 -17.000000 750.000000 textures/concrete.jpg Cube
-53.000000 -20.000000 721.000000 -19.000000 -17.000000 796.000000 textures/concrete.jpg Cube
-16.000000 53.000000 1724.000000 -10.000000 58.000000 1731.000000 textures/lightsource.jpg Energy
787.000000 -1.000000 1370.000000 815.000000 10.000000 1409.000000 textures/concrete.jpg Cube
77.000000 96.000000 1403.000000 119.000000 137.000000 1421.000000 textures/concrete.jpg Cube
130.000000 122.000000 1344.000000 170.000000 163.000000 1361.000000 textures/concrete.jpg Cube
183.000000 145.000000 1404.000000 225.000000 186.000000 1422.000000 textures/concrete.jpg Cube
238.000000 160.000000 1348.000000 280.000000 201.000000 1366.000000 textures/concrete.jpg Cube
304.000000 191.000000 1404.000000 347.000000 232.000000 1421.000000 textures/concrete.jpg Cube
372.000000 210.000000 1350.000000 416.000000 251.000000 1367.000000 textures/concrete.jpg Cube
439.000000 241.000000 1405.000000 482.000000 282.000000 1423.000000 textures/concrete.jpg Cube
19.000000 115.000000 1407.000000 26.000000 120.000000 1414.000000 textures/lightsource.jpg Energy
256.000000 204.000000 1353.000000 263.000000 209.000000 1360.000000 textures/lightsource.jpg Energy
