Robot 0 -25.00 8.00 42.00
Robot 0 -40.00 8.00 42.00
Robot 1 56 67.5 87
Robot 1 68 67.5 87
Robot 1 68 67.5 72
Robot 1 56 67.5 72
Robot 2 100.82 81.50 74.30
Robot 2 113.81 81.50 64.01
Robot 2 112.45 81.50 78.02
Robot 3 152.00 102.0 32.49
Robot 3 140.00 102.0 32.49
Robot 4 140.00 102.0 36.00
Robot 4 152.00 102.0 36.00
Robot 5 60.97 152.00 39.65
Robot 5 81.25 152.01 39.64
Robot 5 80.18 152.01 55.08
Robot 5 60.44 152.01 54.75
Robot 6 -26 8 45
Robot 6 -40 8 45
Robot 7 -27 8 48
Robot 7 -40 8 48
Robot 8 -24 8 51
Robot 8 -40 8 51
Robot 9 -32 23 66
Robot 9 -32 23 73
Robot 10 -19 44.5 104
Robot 10 -34 37 104
Robot 11 31 54 76
Robot 11 31 54 94
Robot 12 147.5 102 48
Robot 12 147.5 102 59
Robot 13 118 102 33
Robot 13 118 102 20
Robot 14 121 102 20
Robot 14 121 102 33
Robot 15 107 102 33
Robot 15 107 102 20
Robot 16 102 102 20
Robot 16 102 102 33
Robot 17 132 92 62
Robot 17 140 92 62
