-23.000000 -5.000000 -23.000000 20.000000 -1.000000 20.000000 textures/concrete.jpg Cube
-16.000000 -1.000000 6.000000 0.000000 7.000000 20.000000 textures/concrete.jpg Cube
-10.000000 -1.000000 3.000000 -6.000000 1.000000 6.000000 textures/concrete.jpg Cube
-6.000000 -1.000000 3.000000 4.000000 3.000000 6.000000 textures/concrete.jpg Cube
0.000000 -1.000000 6.000000 4.000000 3.000000 14.000000 textures/concrete.jpg Cube
0.000000 -1.000000 14.000000 8.000000 5.000000 20.000000 textures/concrete.jpg Cube
-15.000000 -5.000000 23.000000 20.000000 7.000000 34.000000 textures/concrete.jpg Cube
20.000000 -5.000000 23.000000 30.000000 13.000000 34.000000 textures/concrete.jpg Cube
20.000000 -5.000000 12.000000 30.000000 13.000000 20.000000 textures/concrete.jpg Cube
20.000000 -5.000000 -17.000000 30.000000 13.000000 -4.000000 textures/concrete.jpg Cube
30.000000 -5.000000 -4.000000 38.000000 23.000000 12.000000 textures/concrete.jpg Cube
30.000000 11.000000 -22.000000 32.000000 13.000000 -20.000000 textures/concrete.jpg Cube
33.000000 11.000000 -31.000000 35.000000 20.000000 -23.000000 textures/concrete.jpg Cube
30.000000 11.000000 -34.000000 32.000000 13.000000 -32.000000 textures/concrete.jpg Cube
27.000000 11.000000 -43.000000 29.000000 17.000000 -35.000000 textures/concrete.jpg Cube
24.000000 11.000000 -46.000000 26.000000 13.000000 -44.000000 textures/concrete.jpg Cube
21.000000 10.000000 -53.000000 23.000000 12.000000 -47.000000 textures/concrete.jpg Cube
23.000000 11.000000 -53.000000 25.000000 13.000000 -47.000000 textures/concrete.jpg Cube
25.000000 13.000000 -53.000000 28.000000 14.000000 -47.000000 textures/concrete.jpg Cube
28.000000 14.000000 -53.000000 31.000000 15.000000 -47.000000 textures/concrete.jpg Cube
31.000000 15.000000 -57.000000 41.000000 23.000000 -43.000000 textures/concrete.jpg Cube
35.000000 23.000000 -52.000000 39.000000 34.000000 -47.000000 textures/concrete.jpg Cube
6.000000 33.000000 -50.000000 35.000000 34.000000 -49.000000 textures/concrete.jpg Cube
4.000000 33.000000 -50.000000 6.000000 34.000000 1.000000 textures/concrete.jpg Cube
4.000000 34.000000 -1.000000 6.000000 36.000000 1.000000 textures/lightsource.jpg Energy
-47.000000 -5.000000 24.000000 -30.000000 37.000000 40.000000 textures/concrete.jpg Cube
-23.000000 -7.000000 47.000000 3.000000 49.000000 67.000000 textures/concrete.jpg Cube
19.000000 -4.000000 36.000000 46.000000 50.000000 59.000000 textures/concrete.jpg Cube
-39.000000 -7.000000 -69.000000 -4.000000 63.000000 -29.000000 textures/concrete.jpg Cube
-81.000000 -8.000000 -21.000000 -34.000000 80.000000 10.000000 textures/concrete.jpg Cube
6.000000 33.000000 -1.000000 57.000000 34.000000 1.000000 textures/concrete.jpg Cube
57.000000 -1.000000 -20.000000 58.000000 34.000000 20.000000 textures/concrete.jpg Cube
58.000000 -1.000000 19.000000 90.000000 34.000000 20.000000 textures/concrete.jpg Cube
89.000000 -1.000000 -20.000000 90.000000 20.000000 19.000000 textures/concrete.jpg Cube
58.000000 -1.000000 -20.000000 89.000000 34.000000 -19.000000 textures/concrete.jpg Cube
89.000000 20.000000 4.000000 90.000000 34.000000 19.000000 textures/concrete.jpg Cube
89.000000 20.000000 -20.000000 90.000000 34.000000 0.000000 textures/concrete.jpg Cube
86.000000 20.000000 0.000000 109.000000 21.000000 4.000000 textures/concrete.jpg Cube
90.000000 20.000000 4.000000 109.000000 27.000000 5.000000 textures/concrete.jpg Cube
109.000000 20.000000 -21.000000 110.000000 27.000000 5.000000 textures/concrete.jpg Cube
90.000000 20.000000 -1.000000 99.000000 27.000000 0.000000 textures/concrete.jpg Cube
99.000000 20.000000 -21.000000 100.000000 27.000000 0.000000 textures/concrete.jpg Cube
100.000000 20.000000 -25.000000 109.000000 21.000000 0.000000 textures/concrete.jpg Cube
109.000000 -1.000000 -22.000000 139.000000 48.000000 -21.000000 textures/concrete.jpg Cube
64.000000 -1.000000 -22.000000 100.000000 48.000000 -21.000000 textures/concrete.jpg Cube
64.000000 -1.000000 -59.000000 65.000000 48.000000 -22.000000 textures/concrete.jpg Cube
65.000000 -2.000000 -59.000000 139.000000 48.000000 -58.000000 textures/concrete.jpg Cube
139.000000 -1.000000 -59.000000 140.000000 48.000000 -21.000000 textures/concrete.jpg Cube
103.000000 21.000000 0.000000 106.000000 24.000000 3.000000 textures/lightsource.jpg Energy
60.000000 20.000000 -1.000000 77.000000 21.000000 5.000000 textures/concrete.jpg Cube
99.000000 20.000000 -30.000000 110.000000 26.000000 -29.000000 textures/lightsource.jpg LEnergy
-12.000000 -1.000000 -15.000000 0.000000 1.000000 -5.000000 textures/lightsource.jpg Spawn
