-561.000000 -20.000000 -235.000000 351.000000 -18.000000 314.000000 textures/fog.jpg Fog
-583.000000 -124.000000 -254.000000 -582.000000 539.000000 339.000000 textures/sky/north.jpg Sky
367.000000 -125.000000 -253.000000 368.000000 540.000000 340.000000 textures/sky/south.jpg Sky
-583.000000 -124.000000 339.000000 367.000000 540.000000 340.000000 textures/sky/west.jpg Sky
-583.000000 -125.000000 -252.000000 368.000000 540.000000 -251.000000 textures/sky/east.jpg Sky
-582.000000 -125.000000 -253.000000 369.000000 -124.000000 339.000000 textures/sky/down.jpg Sky
-583.000000 539.000000 -252.000000 367.000000 540.000000 339.000000 textures/sky/up.jpg Sky
222.000000 -30.000000 -64.000000 283.000000 200.000000 165.000000 textures/concrete.jpg Cube
172.000000 -30.000000 27.000000 226.000000 165.000000 81.000000 textures/concrete.jpg Cube
131.000000 -30.000000 66.000000 185.000000 150.000000 121.000000 textures/concrete.jpg Cube
82.000000 -30.000000 109.000000 138.000000 120.000000 168.000000 textures/concrete.jpg Cube
131.000000 -30.000000 -16.000000 185.000000 200.000000 40.000000 textures/concrete.jpg Cube
83.000000 -30.000000 -64.000000 140.000000 230.000000 -7.000000 textures/concrete.jpg Cube
-180.000000 -30.000000 120.000000 -40.000000 0.000000 170.000000 textures/concrete.jpg Cube
-220.000000 -30.000000 -30.000000 -160.000000 0.000000 130.000000 textures/concrete.jpg Cube
-180.000000 -30.000000 -70.000000 -40.000000 -0.000000 -20.000000 textures/concrete.jpg Cube
-60.000000 -30.000000 -30.000000 0.000000 0.000000 130.000000 textures/concrete.jpg Cube
-471.000000 -30.000000 -64.000000 -344.000000 15.000000 -17.000000 textures/concrete.jpg Cube
-359.000000 -30.000000 -35.000000 -302.000000 22.000000 138.000000 textures/concrete.jpg Cube
-472.000000 -30.000000 120.000000 -343.000000 54.000000 170.000000 textures/concrete.jpg Cube
-471.000000 -30.000000 40.000000 -390.000000 0.000000 89.000000 textures/concrete.jpg Cube
-487.000000 -30.000000 -30.000000 -434.000000 6.000000 48.000000 textures/concrete.jpg Cube
-415.000000 4.000000 64.000000 -413.000000 5.000000 66.000000 textures/concrete.jpg Spawn
-220.000000 7.000000 140.000000 -190.000000 10.000000 170.000000 textures/concrete.jpg Cube
-30.000000 7.000000 140.000000 -0.000000 10.000000 170.000000 textures/concrete.jpg Cube
-30.000000 7.000000 -70.000000 -0.000000 10.000000 -40.000000 textures/concrete.jpg Cube
-220.000000 7.000000 -70.000000 -190.000000 10.000000 -40.000000 textures/concrete.jpg Cube
-465.000000 0.000000 45.000000 -395.000000 2.000000 85.000000 textures/concrete.jpg Cube
-460.000000 2.000000 48.000000 -434.000000 6.000000 70.000000 textures/concrete.jpg Roof
-471.000000 6.000000 -17.000000 -434.000000 15.000000 30.000000 textures/concrete.jpg Ramp
-180.000000 0.000000 -30.000000 -160.000000 390.000000 130.000000 textures/concrete.jpg Cube
-60.000000 0.000000 -30.000000 -40.000000 390.000000 130.000000 textures/concrete.jpg Cube
-160.000000 0.000000 120.000000 -60.000000 390.000000 130.000000 textures/concrete.jpg Cube
-160.000000 0.000000 -30.000000 -60.000000 390.000000 -20.000000 textures/concrete.jpg Cube
-215.000000 -0.000000 10.000000 -180.000000 80.000000 110.000000 textures/concrete.jpg Cube
-220.000000 -0.000000 -30.000000 -180.000000 60.000000 100.000000 textures/concrete.jpg Cube
-210.000000 -0.000000 50.000000 -180.000000 100.000000 120.000000 textures/concrete.jpg Cube
-205.000000 -0.000000 90.000000 -180.000000 120.000000 130.000000 textures/concrete.jpg Cube
-40.000000 0.000000 90.000000 0.000000 120.000000 130.000000 textures/concrete.jpg Cube
-40.000000 -0.000000 50.000000 -5.000000 100.000000 90.000000 textures/concrete.jpg Cube
-40.000000 -0.000000 10.000000 -10.000000 80.000000 50.000000 textures/concrete.jpg Cube
-40.000000 -0.000000 -30.000000 -15.000000 60.000000 10.000000 textures/concrete.jpg Cube
-40.000000 220.000000 90.000000 0.000000 280.000000 130.000000 textures/concrete.jpg Cube
-40.000000 240.000000 50.000000 -5.000000 300.000000 90.000000 textures/concrete.jpg Cube
-40.000000 260.000000 10.000000 -10.000000 320.000000 50.000000 textures/concrete.jpg Cube
-40.000000 280.000000 -30.000000 -15.000000 340.000000 10.000000 textures/concrete.jpg Cube
-205.000000 220.000000 90.000000 -180.000000 300.000000 130.000000 textures/concrete.jpg Cube
-210.000000 200.000000 50.000000 -180.000000 280.000000 90.000000 textures/concrete.jpg Cube
-215.000000 180.000000 10.000000 -180.000000 260.000000 50.000000 textures/concrete.jpg Cube
-220.000000 160.000000 -30.000000 -180.000000 240.000000 10.000000 textures/concrete.jpg Cube
-180.000000 170.000000 -50.000000 -140.000000 250.000000 -30.000000 textures/concrete.jpg Cube
-140.000000 159.000000 -50.000000 -80.000000 230.000000 -30.000000 textures/concrete.jpg Cube
-80.000000 170.000000 -50.000000 -40.000000 250.000000 -30.000000 textures/concrete.jpg Cube
-140.000000 70.000000 130.000000 -80.000000 150.000000 150.000000 textures/concrete.jpg Cube
-80.000000 61.000000 130.000000 -42.000000 141.000000 137.000000 textures/concrete.jpg Cube
-180.000000 40.000000 130.000000 -40.000000 120.000000 140.000000 textures/concrete.jpg Cube
-410.000000 15.000000 -35.000000 -359.000000 22.000000 -17.000000 textures/concrete.jpg Ramp
-150.000000 390.000000 -10.000000 -70.000000 395.000000 110.000000 textures/concrete.jpg Cube
-140.000000 395.000000 -0.000000 -80.000000 400.000000 100.000000 textures/concrete.jpg Cube
-130.000000 400.000000 10.000000 -90.000000 403.000000 90.000000 textures/concrete.jpg Cube
-111.000000 400.000000 49.000000 -109.000000 406.000000 54.000000 textures/console.jpg Model models/monitor/monitor.obj +z
-114.000000 403.000000 47.000000 -106.000000 410.000000 56.000000 textures/sky/north.jpg Trigger KOG
-416.000000 2.000000 83.000000 -410.000000 9.000000 84.000000 textures/fog.jpg Tele overworld
-113.000000 152.000000 137.000000 -109.000000 156.000000 141.000000 textures/lightsource.jpg Energy
-194.000000 302.000000 108.000000 -190.000000 306.000000 112.000000 textures/lightsource.jpg Energy
108.000000 230.000000 -45.000000 114.000000 236.000000 -29.000000 textures/lightsource.jpg Energy
